70 952
73 349
66343 10
7 588
73 714
20 256
5 722
41 812
29 706
85 151
25 921
97 270
85 631
47626 973
23 386
43 641
80525 714
10 591
37 820
95 156
70 380
51 777
43 861
94 885
68 622
62 614
60 327
3 203
22 785
29 869
9 873
37 499
49 754
34 334
55 891
69 747
47 501
73304 798
64 34
93 254
53 126
89 976
53415 730
61 922
66749 29
3 557
100 698
3 40
1 404
39 648
36 152
93 340
5 128
65 50
44 430
1 178
50 972
89 368
44 796
91 830
42 341
33 827
61 43
62 24
91 310
68 997
91 235
58 525
6 169
4347 313
95 727
