90 869
30 579
99052 291
32 81
28 858
15 887
91 513
11 480
75 190
21 642
89 988
71 567
18 857
50 261
60 206
46 519
59 874
90 638
79 608
72 315
60 101
26 439
34 75
94 682
100 271
70 840
95 623
32 848
91 683
58 792
58 522
48 492
22 232
54099 741
82 326
3 517
97 140
81 339
71 22
80 813
37 686
84 177
58 760
12 500
67819 951
64 106
12 245
92 935
15 956
94 769
83 806
93094 983
27 575
54 487
15 75
78 180
89 776
33 711
47 18
92 138
74 944
94019 926
37 218
91 56
5 131
34 662
74 790
67869 852
86 504
40 196
68 121
78 764
39037 982
71 956
43 212
80 197
85 271
47284 428
1064 73
50574 348
60 715
25 48
33 436
44 955
41 487
63 160
42 684
25 724
55 123
58 822
72 748
