200 930
4 830
22 893
44 606
29 362
1 448
88 883
90 552
27 354
37 795
93 108
98481 665
95 167
38 124
18 485
18 932
57 166
46 70
72 423
60 570
53 677
26 341
92 173
67 528
51 813
34 125
56795 187
16 569
40 343
69940 264
14 203
58 129
47 572
26 139
22 541
35 227
57 726
73 646
12 340
62 604
17 543
45 175
68 331
58 14
51 861
77 833
54 991
99 296
44977 742
85 541
1 84
22940 610
36 764
7 874
52 524
31 752
66 705
26 303
48 592
32 485
32 920
28 529
44 820
69 124
44 640
84681 989
87 99
64 753
11 696
43 180
26 99
54 979
49 798
17 273
60 913
54 901
4 933
8 952
55 50
35 907
85 326
64 798
61 116
86 15
98 101
50 330
35 880
86 915
36627 766
17 893
53 570
16 367
29 834
14 848
63 301
56509 630
17 398
43321 983
19 827
100 795
9 547
4 63
33 843
11 808
97 870
97 985
66 383
62 717
88 38
64089 603
21 880
25 294
9 136
71 943
67 164
16 501
45951 235
34 694
95 881
55 214
76 445
52 739
12 874
82 169
100 684
15 536
47 770
88412 73
88 624
94 837
21 282
72 372
35 597
68 765
68 801
17458 336
50 133
91 524
30 148
21969 336
56 44
26 767
61 654
58 221
78722 288
98 827
79 128
71 170
21 799
61 222
68 617
93 383
54 36
63 609
54969 896
10 377
88 504
58 674
30 824
68013 45
56 210
67 855
82 760
2 974
14 172
23 900
28781 756
24 72
69943 1
13 953
60 808
95 526
59561 159
15 627
66 938
21 422
1 864
5 787
57 459
69 411
29 570
75 447
11 606
90 166
27 491
100 239
63 1
49 833
8 18
70 498
40 129
86 471
43 281
8 534
51 401
45191 486
35 141
84 326
64192 695
76555 64
43 539
