250 849
35 423
61709 309
3 645
23 785
58 926
93 603
10841 297
52 50
90 957
73 449
58 483
38 577
40 221
15 6
24 283
16 237
54 885
13237 725
93 711
65 159
22 642
82791 570
56 903
90 917
59 440
76 807
75 512
78 266
70 977
34 135
7 128
66840 698
68 571
9 487
67 278
94 436
20 947
97 213
18 541
51 675
12852 803
14448 526
77 162
96 170
32 136
21 181
89 901
75 997
70 115
53 417
83 626
78 503
91 950
61 236
48 800
29 503
29 800
77 14
91 767
60 195
85 777
34685 210
91 540
51 776
51 927
79 429
59 580
35 945
78 712
37 258
73 35
11 596
50 633
77 468
59964 602
39 83
97 15
31 959
8 670
96 928
68 314
30 261
32 893
8 713
63 314
97 629
11 857
70 642
91 196
70 855
83 9
96 727
88 415
52 858
65 211
94 724
2 627
95 326
90 807
96 48
64841 785
56 883
12506 649
67 947
78409 864
69 291
94 236
52 602
52 411
36 589
76 449
1 957
43 652
61 950
65 165
56 573
43 734
97 641
7429 137
98 847
25 295
26 251
20 254
81 556
97 720
29730 645
55595 747
59 646
87 509
14 806
22 731
80879 208
8 730
80 54
41303 773
65627 905
87 903
47 107
52 805
70449 502
82272 393
9 151
88 557
63 329
19 984
46 424
83 862
58 808
65745 912
79 58
6629 127
42 187
83 826
34 640
45 359
11 56
84 590
13 247
99951 894
90 121
50 551
43 738
25 915
10 555
55 265
17 320
100 261
64 507
26702 400
12 778
13 329
56 418
80 684
90 238
4525 854
100 212
15 712
85 327
8 633
19 762
32 442
87 211
18 895
59 484
54 338
18 214
58642 999
65 7
24 639
43 753
26 546
64 757
81 3
92 486
45 175
42739 389
3 842
19 849
2943 839
60 285
36 462
7 925
14 357
55 848
11 745
69452 258
72 887
90 905
40 947
51 583
87 44
93 320
58 677
64 876
26 620
10 878
96 681
1 332
47 821
30 957
36449 229
95 745
5 773
68 648
94 620
69529 849
56 851
30 351
43 149
7 178
9 955
4 699
8 471
27 470
72 441
27 289
77 817
79 28
27 60
5 400
59 968
9 689
31 677
52 240
93 243
81 307
50 494
29 387
88 510
39 627
