20 104 10 3
1
8
17
10
9
11
4
15
13
3
1 2 8
1 3 7
4 1 7
5 2 13
2 11 20
4 6 5
4 8 4
10 4 5
5 7 39
5 9 7
14 7 19
15 8 5
18 9 34
10 12 32
13 10 23
16 10 11
10 19 31
20 12 36
17 14 45
8 1 23
1 9 38
10 1 31
16 1 39
17 1 2
19 1 25
3 2 9
6 2 31
2 7 15
8 2 3
2 9 3
2 10 8
2 12 10
2 13 43
2 15 49
16 2 31
17 2 33
2 19 8
2 20 15
3 4 32
6 3 4
3 9 6
10 3 3
11 3 17
3 13 32
3 15 10
3 16 3
17 3 28
19 3 30
3 20 1
5 4 9
7 4 38
12 4 25
13 4 25
14 4 2
15 4 4
4 16 7
4 18 2
5 8 7
5 11 36
12 5 44
14 5 45
15 5 10
19 5 5
5 20 3
6 10 17
11 6 2
12 6 23
13 6 8
6 14 39
15 6 6
6 17 14
18 6 1
19 6 9
20 6 15
10 7 4
7 11 2
13 7 1
16 7 22
17 7 47
7 20 1
9 8 5
10 8 50
8 13 9
14 8 17
16 8 6
17 8 19
18 8 5
19 8 16
9 10 16
11 9 8
14 9 24
9 17 6
9 19 47
9 20 26
14 10 9
15 10 14
10 20 9
11 13 6
15 11 5
11 16 4
17 11 22
18 11 12
19 11 3
20 11 41
