102 1004 20 10
36
75
57
80
51
68
18
14
30
24
42
98
58
29
2
100
74
10
63
84
1 2 24
8 1 18
1 14 119
2 3 142
2 15 17
28 2 16
3 4 6
3 11 87
20 3 16
4 5 88
4 6 50
4 13 1
53 4 178
4 58 140
97 4 20
5 9 15
25 5 123
5 88 19
6 7 18
6 12 14
99 6 7
7 16 44
46 7 141
76 7 15
10 8 155
8 63 198
9 17 77
9 59 14
55 10 101
41 12 17
12 67 135
12 72 87
21 13 7
89 13 21
23 14 14
14 35 48
14 60 20
18 16 147
42 16 25
17 19 11
17 29 21
17 47 25
17 70 12
17 87 185
19 22 166
19 50 2
19 71 42
21 24 5
33 21 53
21 43 6
21 79 20
96 21 10
27 22 14
38 22 168
92 22 6
26 23 111
23 68 54
31 24 169
24 37 100
24 48 18
30 25 133
32 26 23
93 28 62
30 34 113
30 36 14
39 30 8
30 40 147
65 33 6
34 54 12
34 57 196
36 45 104
56 37 1
49 38 5
41 44 43
41 52 46
41 61 37
73 43 135
44 66 24
47 78 174
49 51 16
49 81 10
101 49 7
74 54 59
54 83 193
94 54 75
57 69 13
62 60 196
64 60 17
62 75 13
80 62 21
62 86 14
65 98 196
77 70 54
76 85 191
77 82 115
78 95 149
91 81 19
102 81 9
84 83 22
90 88 199
92 100 3
1 20 35
1 26 49
1 32 20
1 33 7
1 36 169
37 1 148
43 1 43
1 45 72
46 1 17
1 59 123
1 71 138
1 78 13
1 79 53
1 83 12
86 1 110
87 1 174
98 1 185
2 5 143
2 7 117
11 2 13
2 12 115
14 2 98
2 16 181
19 2 102
27 2 92
30 2 16
2 31 12
2 33 179
34 2 64
35 2 11
36 2 10
2 38 6
2 42 17
2 43 16
2 45 3
2 46 162
2 47 154
49 2 23
53 2 8
2 55 10
2 56 11
57 2 34
2 63 134
64 2 163
2 65 11
67 2 168
68 2 104
75 2 38
2 77 19
2 82 2
2 85 15
2 86 15
2 87 84
89 2 127
2 93 22
95 2 13
96 2 11
97 2 7
100 2 22
102 2 12
6 3 73
9 3 124
17 3 1
3 18 12
3 19 81
3 22 186
3 24 6
26 3 115
30 3 10
3 32 3
36 3 57
3 38 47
41 3 20
42 3 96
44 3 14
47 3 168
3 54 19
57 3 19
59 3 71
60 3 38
65 3 8
3 66 183
3 69 22
3 70 87
75 3 24
3 76 8
3 79 11
80 3 154
3 82 2
83 3 182
86 3 55
90 3 5
91 3 15
3 95 8
99 3 112
8 4 197
4 9 14
4 12 4
18 4 92
4 21 6
25 4 87
27 4 29
28 4 17
29 4 16
4 32 6
4 37 12
4 39 20
4 50 23
52 4 10
4 56 13
57 4 47
59 4 116
4 61 164
4 66 18
4 69 53
4 72 93
4 73 11
74 4 2
82 4 149
86 4 44
4 90 17
100 4 23
4 101 76
5 16 18
19 5 120
5 21 165
5 26 22
27 5 137
30 5 180
34 5 19
35 5 23
5 40 20
41 5 22
42 5 3
5 47 148
5 49 31
51 5 13
54 5 160
5 60 46
5 63 15
64 5 138
5 67 101
69 5 13
70 5 118
5 84 31
87 5 21
93 5 171
5 94 59
97 5 175
101 5 111
9 6 187
6 14 124
16 6 18
17 6 18
6 18 22
6 19 39
20 6 15
21 6 170
6 22 12
6 27 166
33 6 14
34 6 3
6 36 5
6 39 13
6 41 18
6 42 11
44 6 85
45 6 20
6 49 4
6 53 9
55 6 6
58 6 167
65 6 70
67 6 85
6 69 68
6 75 16
6 76 16
78 6 15
6 80 5
82 6 34
83 6 134
84 6 9
6 86 17
91 6 194
6 94 142
7 11 10
15 7 163
7 17 121
7 19 73
28 7 57
7 29 124
31 7 18
35 7 20
38 7 4
7 45 5
47 7 174
7 54 4
7 56 4
58 7 22
7 69 100
72 7 3
7 73 2
7 75 8
7 81 14
87 7 3
91 7 13
7 93 145
7 95 25
7 96 185
98 7 154
14 8 16
18 8 13
22 8 22
25 8 8
26 8 2
8 31 22
33 8 3
8 36 116
37 8 33
40 8 18
41 8 150
42 8 6
45 8 92
8 48 10
8 49 17
8 50 88
55 8 147
56 8 15
57 8 22
59 8 5
69 8 23
8 73 20
75 8 9
76 8 93
8 77 122
82 8 4
83 8 4
8 84 7
8 85 13
8 87 187
8 88 140
8 90 105
91 8 131
8 94 81
99 8 12
9 13 15
9 16 87
19 9 1
20 9 113
9 23 20
9 24 127
9 27 2
28 9 23
9 29 8
34 9 126
9 39 184
9 43 16
45 9 2
47 9 173
53 9 13
61 9 123
62 9 3
9 63 19
64 9 8
9 65 200
71 9 13
9 73 2
9 80 22
9 81 110
9 85 4
9 86 98
9 88 181
9 96 105
9 101 3
20 10 10
25 10 15
26 10 13
29 10 123
44 10 2
10 47 21
10 48 47
10 49 77
10 51 186
56 10 122
10 59 137
60 10 90
65 10 3
69 10 11
71 10 18
10 72 24
73 10 8
74 10 175
80 10 4
87 10 57
91 10 16
10 95 4
99 10 21
102 10 23
11 13 97
11 16 90
24 11 5
26 11 22
11 28 11
29 11 9
33 11 91
37 11 179
11 38 57
11 39 121
11 41 16
11 49 13
11 51 9
11 53 147
11 55 20
11 62 15
11 63 16
64 11 2
11 67 46
11 68 47
71 11 157
11 72 13
73 11 150
11 75 175
76 11 17
11 78 13
81 11 147
11 86 14
90 11 138
93 11 117
94 11 40
102 11 5
12 19 12
12 21 8
12 22 1
26 12 59
27 12 83
12 30 136
12 32 91
12 33 16
34 12 189
35 12 5
36 12 181
39 12 15
42 12 5
43 12 57
44 12 3
45 12 2
12 49 18
12 51 140
53 12 17
54 12 72
12 55 167
58 12 48
12 64 7
12 65 15
12 73 11
12 75 20
76 12 59
12 77 20
12 79 6
12 80 40
81 12 12
82 12 148
12 84 196
12 85 16
91 12 18
95 12 19
96 12 20
97 12 18
98 12 176
99 12 64
12 102 17
13 15 23
17 13 151
13 24 17
13 27 11
31 13 3
13 37 18
44 13 89
47 13 177
51 13 4
13 52 20
55 13 162
59 13 18
61 13 15
13 64 153
68 13 15
13 69 189
13 73 60
78 13 13
86 13 28
13 88 21
91 13 22
92 13 26
95 13 116
98 13 104
13 101 120
102 13 152
16 14 19
17 14 59
14 19 14
14 25 26
26 14 86
14 27 10
14 41 112
47 14 22
14 50 174
14 55 9
59 14 6
14 61 15
62 14 2
64 14 34
14 65 3
70 14 8
76 14 6
14 77 19
78 14 145
80 14 12
81 14 7
84 14 79
85 14 180
14 87 65
14 88 84
14 90 19
91 14 6
92 14 80
14 95 9
99 14 194
15 16 20
23 15 11
15 26 18
15 29 133
30 15 137
15 31 86
15 38 66
15 40 175
15 43 145
46 15 21
50 15 148
53 15 95
58 15 23
15 60 57
15 62 149
15 64 15
65 15 106
70 15 10
15 71 21
76 15 17
78 15 125
15 87 7
92 15 56
15 97 11
15 98 16
19 16 43
21 16 4
16 22 126
16 23 21
16 26 13
29 16 21
16 33 19
41 16 9
16 43 4
44 16 17
48 16 11
50 16 182
16 53 12
54 16 92
16 56 4
16 57 1
16 58 2
59 16 23
16 63 57
16 64 4
66 16 200
68 16 8
16 78 123
83 16 23
16 86 70
87 16 182
88 16 10
16 92 91
93 16 179
16 96 11
16 99 74
101 16 12
16 102 116
17 21 20
17 23 175
25 17 19
26 17 10
32 17 13
17 33 152
17 34 22
35 17 19
17 38 132
17 46 9
49 17 4
17 54 6
55 17 160
62 17 11
17 76 23
80 17 23
17 83 114
17 89 23
91 17 87
93 17 11
94 17 79
95 17 200
17 97 76
17 100 20
101 17 18
19 18 10
20 18 18
29 18 17
18 31 109
33 18 53
35 18 5
37 18 3
18 38 105
18 41 83
42 18 124
44 18 123
50 18 193
52 18 23
53 18 8
18 57 10
59 18 4
18 61 106
62 18 110
18 66 4
68 18 11
70 18 17
18 74 23
18 76 99
84 18 22
85 18 7
86 18 194
88 18 22
18 90 140
18 93 97
18 95 1
102 18 21
19 21 71
23 19 11
32 19 143
36 19 38
19 37 156
19 43 19
19 48 59
51 19 196
19 53 8
56 19 15
19 63 160
19 66 14
68 19 126
73 19 134
74 19 93
79 19 100
19 80 22
81 19 8
19 84 61
19 86 13
89 19 6
90 19 16
92 19 139
19 93 180
19 95 20
96 19 192
19 99 148
100 19 4
21 20 15
20 25 11
33 20 36
35 20 95
37 20 147
38 20 6
41 20 74
20 42 21
49 20 6
20 55 89
20 57 191
60 20 16
20 61 57
63 20 8
20 64 180
67 20 169
70 20 20
20 71 16
20 72 197
74 20 20
20 77 144
78 20 134
80 20 14
92 20 155
98 20 71
20 99 162
21 22 12
21 27 115
21 29 7
31 21 7
32 21 8
21 34 18
35 21 44
41 21 4
21 42 23
45 21 3
47 21 20
55 21 7
21 57 7
58 21 153
60 21 15
21 61 6
21 67 108
21 76 15
21 77 81
21 78 119
81 21 99
82 21 43
21 83 17
21 88 46
93 21 7
21 95 4
21 101 18
25 22 4
22 26 84
22 29 36
30 22 3
22 31 42
22 33 4
37 22 22
40 22 7
45 22 50
22 46 63
49 22 107
22 53 2
22 55 161
22 56 17
22 57 66
59 22 11
22 65 5
72 22 135
22 75 8
22 76 160
81 22 23
83 22 36
22 85 169
86 22 137
87 22 28
22 95 6
22 99 114
102 22 12
25 23 166
31 23 41
34 23 16
23 36 146
23 41 174
47 23 116
50 23 25
23 52 17
55 23 192
64 23 155
23 69 187
23 70 6
74 23 3
23 75 20
23 76 15
23 77 20
79 23 19
23 81 181
23 85 13
87 23 68
88 23 48
23 89 20
23 94 148
23 100 129
23 101 1
23 102 156
29 24 13
24 33 72
24 36 192
39 24 66
40 24 155
47 24 127
24 49 69
24 50 77
24 54 13
24 55 180
24 57 5
24 78 19
79 24 82
24 82 23
24 85 16
24 89 71
24 90 8
95 24 6
24 100 3
24 102 141
25 26 13
33 25 123
35 25 31
25 41 13
25 43 21
25 44 106
25 47 42
25 48 8
49 25 110
25 51 17
54 25 83
58 25 185
59 25 38
63 25 132
25 64 11
66 25 122
67 25 20
25 69 138
71 25 5
25 76 9
83 25 187
25 84 6
86 25 15
87 25 153
25 90 2
25 93 22
99 25 13
27 26 3
28 26 63
26 30 12
35 26 8
26 37 132
26 38 157
40 26 1
26 43 184
26 45 17
26 46 143
47 26 59
26 48 6
26 53 23
60 26 16
62 26 3
26 65 2
69 26 2
74 26 10
77 26 115
26 80 19
83 26 59
88 26 21
26 89 19
26 90 10
26 91 199
26 92 12
95 26 178
97 26 26
99 26 3
26 100 13
102 26 4
27 32 18
35 27 69
36 27 10
27 39 77
27 46 23
27 47 12
50 27 4
27 58 17
63 27 128
27 71 84
73 27 5
27 80 9
81 27 43
88 27 14
90 27 174
92 27 10
96 27 136
99 27 10
27 101 5
34 28 54
28 37 3
43 28 2
44 28 16
54 28 180
55 28 12
28 61 7
64 28 16
66 28 154
67 28 2
68 28 12
28 73 111
28 83 8
28 89 5
91 28 19
94 28 10
36 29 164
29 38 100
29 39 19
29 43 9
47 29 14
48 29 54
29 49 40
50 29 19
29 54 191
29 55 154
57 29 75
69 29 10
29 70 116
29 71 137
72 29 1
29 73 156
29 76 83
78 29 12
79 29 177
29 82 112
29 83 87
29 85 11
29 87 101
29 92 8
29 93 19
29 98 4
32 30 164
30 35 1
37 30 88
38 30 186
41 30 19
30 47 6
52 30 10
30 53 12
54 30 47
30 58 33
30 66 12
30 78 21
30 79 26
30 83 12
30 87 19
30 89 139
91 30 9
95 30 190
30 102 10
31 33 21
37 31 123
38 31 161
31 42 6
43 31 53
31 48 141
49 31 3
50 31 137
51 31 1
58 31 21
31 61 120
31 63 15
64 31 39
31 69 151
31 73 197
31 74 18
31 79 2
80 31 7
31 81 83
31 82 23
31 84 16
31 86 149
87 31 45
91 31 77
31 101 191
38 32 20
32 40 6
32 43 23
32 45 3
32 46 34
49 32 21
32 50 20
53 32 52
54 32 16
56 32 199
62 32 17
63 32 104
32 65 198
32 67 23
32 68 2
32 71 18
32 73 20
84 32 62
85 32 8
32 92 62
98 32 151
32 99 197
101 32 9
102 32 97
36 33 134
33 39 22
41 33 139
42 33 22
43 33 8
33 44 61
33 48 2
33 50 12
52 33 10
53 33 8
64 33 95
33 67 84
69 33 68
72 33 22
75 33 15
77 33 2
33 79 9
33 82 88
33 83 130
90 33 174
