889 2000 80 10
1
360
402
231
268
20
390
120
750
732
842
836
550
31
125
133
39
593
427
201
818
386
8
14
425
739
617
229
774
694
369
157
232
65
380
862
480
234
788
638
301
654
680
351
438
273
128
417
139
384
801
830
499
493
94
412
623
619
441
373
401
227
285
302
356
97
193
728
426
137
511
674
300
371
90
573
662
104
109
714
1 2 77
3 1 21
1 4 6
1 16 24
21 1 15
1 58 8
2 5 6
2 7 13
9 2 140
2 79 21
2 207 18
2 486 31
2 725 2
6 3 27
8 3 96
42 3 2
65 3 11
3 75 22
3 77 123
168 3 211
292 3 207
22 4 28
4 28 20
4 41 17
72 4 215
104 4 14
4 148 22
4 225 98
5 33 228
119 5 9
6 11 224
6 17 20
6 20 32
6 89 184
143 6 27
414 6 20
48 7 31
90 7 37
7 559 199
843 7 143
8 10 215
8 12 10
14 8 21
8 26 113
31 8 25
38 8 30
9 13 24
9 19 168
9 35 30
9 87 22
237 9 145
9 261 32
15 10 11
34 10 10
52 10 3
10 127 225
10 211 72
86 11 9
11 88 173
164 11 5
177 11 3
11 220 6
449 11 59
11 589 11
12 155 21
674 12 65
13 60 230
13 78 14
105 13 198
13 720 199
62 14 23
14 683 9
15 188 195
548 15 206
18 16 21
16 39 152
16 51 142
122 16 31
16 184 32
648 16 38
16 741 149
16 819 84
17 36 231
74 17 11
17 326 12
132 18 7
167 18 68
285 18 20
18 361 54
18 507 195
714 18 26
18 794 117
23 19 19
67 19 5
139 19 154
151 19 66
19 173 189
19 334 227
19 705 140
30 20 5
44 20 56
20 138 18
355 20 190
479 20 36
27 21 24
29 21 19
66 21 93
22 24 27
25 22 4
53 22 190
22 388 1
22 446 20
22 447 46
32 23 122
23 40 2
108 23 18
23 128 129
171 23 92
811 23 13
24 57 171
25 93 168
25 116 43
25 445 152
111 26 172
218 26 5
26 387 15
418 26 27
452 26 2
26 568 104
27 125 126
315 27 18
351 27 17
27 861 28
28 71 5
84 28 17
28 302 3
37 29 186
29 45 17
49 29 21
63 29 3
29 244 117
296 29 17
29 450 61
761 29 11
30 91 71
416 30 87
31 121 25
31 236 11
612 31 118
187 32 25
43 33 40
64 33 65
203 33 60
33 227 5
33 386 193
34 50 47
34 287 11
34 299 18
35 68 4
35 109 5
35 272 199
54 36 24
70 36 13
101 36 11
36 179 210
36 256 154
364 36 9
730 36 165
46 37 32
59 38 77
73 38 98
82 38 12
115 38 179
38 298 24
38 526 110
704 38 155
807 38 22
39 76 106
39 343 29
39 841 4
61 40 61
40 485 27
716 40 215
803 40 2
56 41 69
172 41 107
41 307 220
41 805 5
41 863 18
42 175 14
264 43 170
43 350 29
406 43 29
43 616 180
44 645 159
47 45 17
611 45 24
46 83 17
46 126 5
146 46 68
46 161 7
46 224 41
46 493 19
46 602 159
46 791 8
47 274 6
47 293 18
47 550 9
48 85 1
48 182 18
48 324 1
623 48 15
638 48 67
49 117 190
204 49 31
883 49 28
779 50 109
99 51 4
51 152 184
52 275 196
52 413 88
53 55 142
53 451 11
54 69 20
348 54 19
56 141 28
56 142 144
508 56 25
262 58 117
419 58 20
106 60 229
60 342 49
533 60 11
96 61 88
62 81 155
112 62 29
149 62 223
223 62 134
62 238 19
329 62 13
365 62 23
62 369 207
80 63 219
64 702 9
98 65 8
65 544 9
66 178 84
66 325 32
66 426 167
66 597 23
732 66 6
66 840 24
234 67 26
69 97 86
69 124 29
69 154 179
391 69 9
536 69 6
69 712 28
70 92 110
424 70 11
525 70 209
153 71 14
71 337 17
849 71 205
72 129 153
695 72 21
879 72 13
367 73 20
649 73 30
243 74 96
74 619 226
75 94 88
75 219 121
75 435 159
547 75 26
75 862 173
76 185 142
76 744 170
470 78 21
80 205 93
394 80 157
81 113 12
81 808 135
110 82 7
140 82 27
82 157 16
322 82 20
82 454 22
693 82 11
775 82 119
103 83 90
83 145 73
137 84 28
84 469 91
85 136 127
321 86 51
667 86 16
86 788 4
87 114 150
87 214 15
88 331 26
753 88 135
89 95 4
90 251 5
91 176 26
92 100 204
150 93 7
156 93 123
93 297 217
93 362 1
93 835 185
131 95 163
95 217 75
95 555 126
95 557 126
278 96 14
96 290 29
339 96 179
363 96 82
97 221 138
281 97 176
97 409 29
98 118 190
209 98 191
99 102 109
201 99 203
100 390 4
517 100 93
102 144 13
232 102 143
102 374 29
314 103 179
103 519 78
103 685 14
107 104 9
280 104 97
310 104 7
104 492 1
652 104 19
826 104 192
104 866 7
147 105 27
169 105 21
692 106 55
106 858 87
107 181 230
513 107 232
108 228 44
108 392 132
123 109 14
110 405 158
111 158 7
112 135 61
790 112 4
114 283 201
333 114 112
358 115 200
190 116 223
116 317 128
631 117 26
118 440 180
118 457 14
120 119 18
162 119 152
306 119 140
311 120 27
121 282 58
124 134 149
124 229 19
130 125 83
240 125 8
125 456 18
740 125 1
126 215 26
126 621 27
127 439 29
127 552 4
254 130 43
130 670 75
130 768 205
131 216 2
131 263 52
132 133 20
132 191 31
132 598 67
193 133 120
133 821 18
134 210 24
134 260 122
268 134 108
135 583 21
607 135 154
870 135 27
137 482 215
138 276 10
385 138 29
429 138 16
140 368 20
142 213 12
142 353 20
816 142 18
831 142 110
257 143 103
143 511 105
595 143 3
143 632 3
144 377 8
144 422 152
431 144 119
802 144 120
145 701 21
159 146 221
146 415 47
400 147 1
170 148 20
148 258 5
197 150 20
534 151 41
579 151 184
183 152 33
378 152 26
706 152 22
152 888 13
163 153 5
521 153 10
160 156 15
180 156 27
677 157 20
166 158 6
158 656 7
159 192 24
159 255 217
159 327 16
375 159 2
189 160 97
160 356 26
421 160 25
199 161 9
226 161 12
162 427 18
162 615 4
164 165 27
164 200 22
212 164 6
164 235 3
164 516 3
196 165 11
785 165 22
165 795 85
166 186 74
245 166 74
404 166 27
168 372 128
745 168 155
170 242 175
171 194 80
366 171 119
171 410 27
174 172 27
172 565 6
765 172 46
174 241 68
174 655 29
175 749 4
202 176 65
284 176 23
176 567 228
177 253 23
177 305 30
177 496 12
178 198 2
178 489 24
178 726 15
181 341 3
360 181 36
750 182 1
208 183 214
183 554 27
703 183 233
184 233 6
303 184 228
222 185 30
497 186 42
186 543 12
187 434 65
187 500 51
188 384 32
518 188 27
742 191 18
193 561 48
195 194 20
194 529 97
316 195 10
195 345 170
270 197 18
197 483 61
540 197 24
206 199 2
357 201 18
201 627 113
202 231 185
239 202 147
269 203 22
669 205 32
206 252 18
332 206 156
578 206 186
399 207 29
504 207 181
207 842 1
379 208 4
265 209 1
210 509 1
249 211 107
786 212 2
250 214 19
605 214 199
636 216 31
217 248 23
219 246 9
219 271 17
219 875 14
503 221 116
709 221 85
576 223 18
224 309 11
230 225 218
225 502 82
389 227 83
227 800 31
228 279 14
228 601 15
229 319 13
393 229 231
229 443 20
277 230 233
461 235 27
810 235 8
563 238 51
247 239 208
347 239 109
719 239 213
240 344 105
241 376 15
587 242 65
596 242 143
242 763 101
243 541 196
244 289 26
244 398 22
246 273 39
266 247 196
762 247 7
671 248 24
249 797 117
312 250 17
869 250 69
381 251 1
465 251 31
251 481 154
252 506 12
774 253 8
253 844 22
254 259 3
487 254 13
549 254 53
267 255 19
318 256 116
257 433 140
829 259 13
261 397 5
261 781 3
535 263 157
263 606 215
460 265 27
804 265 10
295 267 29
267 475 20
267 600 27
291 268 8
269 286 184
650 269 21
270 512 95
436 271 207
272 330 21
272 501 1
272 747 127
273 301 4
273 473 45
273 608 30
276 402 31
884 277 26
787 278 181
796 278 2
280 294 214
280 323 189
282 476 116
300 284 120
288 285 214
328 285 21
285 407 13
291 313 136
291 417 72
295 551 13
296 428 43
320 297 21
297 472 170
297 686 19
297 824 121
299 338 31
459 299 19
304 300 20
336 300 8
752 300 209
301 308 2
573 301 19
302 359 98
302 467 6
657 304 24
304 728 66
425 306 21
307 335 19
352 307 4
307 528 23
308 396 8
412 312 69
314 420 13
315 881 178
319 780 108
574 320 7
321 370 23
480 321 210
322 382 5
603 323 16
723 326 29
801 326 26
490 327 38
329 478 207
329 617 102
330 346 26
330 757 85
771 331 209
448 333 10
335 340 4
335 371 54
778 337 38
340 707 14
408 342 17
646 342 26
349 345 155
345 438 139
348 609 21
351 423 66
351 688 13
352 380 27
572 352 23
353 354 177
355 495 6
356 530 215
666 356 7
468 357 8
713 357 190
734 358 34
358 846 28
358 874 29
462 359 224
651 359 22
847 362 179
364 581 15
731 364 31
373 365 30
474 366 195
369 383 42
401 369 23
370 558 22
371 613 123
441 372 74
455 372 166
372 575 36
374 571 25
376 593 6
628 376 217
377 887 42
453 379 179
664 379 7
491 380 189
531 380 30
637 380 11
738 381 25
689 382 11
382 769 31
384 515 52
386 594 144
813 388 207
389 760 225
390 395 10
520 390 26
391 599 13
391 633 158
392 430 87
635 392 1
394 505 175
394 522 25
838 397 17
398 818 18
399 403 1
499 400 14
400 654 204
402 830 31
404 432 8
405 466 117
411 407 163
407 585 150
647 407 10
409 569 146
411 697 13
413 444 28
413 556 136
591 413 94
584 415 10
416 442 10
416 523 30
416 722 172
416 764 202
417 484 21
417 828 7
524 418 21
679 419 31
437 420 128
793 423 85
545 425 51
618 426 30
498 427 8
431 464 1
431 724 11
857 431 5
433 463 62
471 434 26
434 532 27
439 553 193
458 442 6
442 854 14
783 443 11
444 696 11
820 444 22
445 806 7
754 447 12
448 604 12
449 494 4
852 449 22
641 451 184
672 451 18
658 457 27
477 460 12
564 461 16
746 463 25
660 464 21
464 748 18
465 626 23
488 467 4
659 467 69
662 469 66
546 470 100
472 690 24
474 527 15
474 661 80
644 475 29
475 737 155
590 476 32
476 798 10
566 477 214
479 514 32
687 479 24
822 480 15
484 510 151
809 488 3
490 630 2
490 708 5
492 538 173
537 494 157
643 496 11
663 497 222
864 497 17
676 499 18
500 620 228
681 501 19
501 876 205
502 878 4
634 505 203
577 506 4
624 506 30
506 653 31
562 508 231
759 508 137
668 509 26
542 512 17
512 792 200
513 694 70
767 516 202
539 517 4
614 522 11
524 560 20
625 526 87
526 729 30
592 537 74
718 540 23
545 766 3
547 853 31
580 548 84
700 551 107
551 777 8
833 551 101
727 553 99
586 554 18
554 839 27
555 582 159
556 691 70
832 557 171
588 560 6
560 812 97
563 570 9
682 563 8
564 680 58
565 773 21
739 566 69
856 567 55
569 855 15
743 572 109
576 711 27
751 576 27
578 610 17
882 578 29
736 582 182
873 591 116
592 684 9
889 599 123
629 600 56
886 603 65
622 604 14
799 609 12
611 678 2
814 612 219
613 699 6
616 665 28
621 640 6
624 642 27
626 639 24
626 717 111
630 784 134
698 632 122
735 635 3
836 636 174
637 675 183
710 637 82
637 867 141
638 834 32
776 643 2
648 789 20
758 658 25
815 658 140
782 665 7
666 673 3
681 845 19
871 685 31
689 860 6
733 690 43
692 848 7
837 696 25
770 697 115
698 721 122
850 703 155
707 715 221
755 709 16
717 877 32
772 733 124
868 746 12
756 755 10
766 817 185
825 771 21
859 786 23
791 851 174
872 791 7
800 885 195
823 802 23
880 811 128
827 818 12
865 841 3
1 19 138
79 1 232
1 101 151
1 114 20
134 1 161
1 137 215
1 139 30
1 140 180
155 1 12
1 157 35
163 1 26
178 1 26
188 1 231
1 197 47
1 248 67
251 1 14
281 1 80
348 1 25
350 1 171
1 365 17
1 366 9
1 369 220
376 1 13
381 1 21
465 1 27
474 1 55
501 1 57
1 520 3
547 1 5
558 1 129
1 559 53
613 1 62
616 1 9
1 621 7
643 1 8
1 676 13
1 721 5
751 1 86
1 769 10
797 1 29
801 1 15
1 810 185
1 829 186
833 1 9
1 839 1
840 1 34
843 1 18
1 854 116
861 1 13
210 2 30
2 362 174
2 528 30
780 2 46
2 793 4
3 55 127
152 3 56
3 154 31
3 285 97
302 3 10
3 542 55
4 77 5
124 4 166
4 140 227
414 4 202
540 4 8
4 558 26
4 580 30
4 707 29
6 5 28
109 5 126
161 5 3
216 5 170
394 5 26
5 794 44
797 5 16
5 882 16
6 462 199
517 6 8
563 6 8
612 6 20
668 6 121
7 204 10
344 7 59
512 7 37
7 866 19
8 225 29
8 373 31
496 8 144
882 8 13
17 9 5
9 26 9
78 9 78
9 103 7
9 194 12
409 9 20
471 9 189
9 529 74
609 9 219
9 637 26
838 9 140
10 46 13
87 10 25
148 10 97
10 198 26
313 10 11
10 320 80
335 10 77
10 427 189
490 10 126
10 525 21
528 10 9
10 761 175
10 775 27
858 10 63
123 11 211
205 11 31
244 11 20
11 363 147
11 393 163
471 11 38
546 11 8
774 11 144
11 777 16
819 11 87
11 865 10
889 11 33
12 77 31
12 174 6
12 357 36
410 12 4
12 517 11
12 712 118
720 12 196
764 12 23
12 778 7
13 31 31
13 427 197
13 578 7
13 715 221
13 814 12
48 14 17
135 14 99
169 14 11
172 14 32
186 14 5
14 242 20
14 342 29
14 424 231
14 512 43
14 590 27
640 14 130
698 14 199
731 14 15
15 281 212
15 318 25
462 15 19
15 689 28
15 692 121
15 748 16
15 802 18
15 825 35
16 27 32
16 80 21
16 83 5
16 121 110
157 16 95
311 16 31
16 359 18
16 413 2
601 16 10
667 16 181
16 692 208
803 16 155
17 40 19
227 17 184
301 17 30
17 320 211
17 477 165
17 800 1
18 198 227
18 488 28
644 18 31
18 729 206
18 784 8
19 329 120
331 19 27
461 19 17
19 569 29
675 19 15
736 19 6
19 803 213
861 19 117
216 20 25
20 263 222
446 20 5
483 20 21
494 20 179
540 20 75
547 20 16
618 20 6
827 20 23
21 85 21
131 21 109
21 196 12
21 366 154
21 545 12
21 757 28
21 802 19
21 861 136
264 22 11
22 601 222
813 22 169
33 23 169
23 191 233
23 239 62
483 23 2
23 531 171
599 23 20
616 23 14
650 23 183
23 768 91
23 794 225
112 24 31
24 135 27
162 24 210
190 24 52
24 322 112
343 24 8
24 718 32
25 51 26
25 96 217
25 164 73
182 25 22
25 247 25
274 25 220
25 705 17
753 25 90
814 25 11
25 864 28
26 130 194
26 160 22
189 26 3
26 208 128
216 26 115
26 244 51
289 26 1
460 26 3
26 573 15
26 632 144
638 26 51
26 672 8
27 70 25
86 27 205
27 148 28
27 192 55
27 303 138
27 389 202
27 390 144
27 535 173
569 27 25
597 27 41
888 27 5
28 29 58
62 28 4
144 28 9
221 28 147
366 28 32
28 368 7
530 28 180
729 28 26
28 882 179
29 34 229
213 29 64
348 29 6
29 544 6
29 795 48
30 391 11
30 443 22
30 447 60
30 570 19
30 657 194
31 52 23
118 31 79
288 31 28
399 31 11
31 504 164
31 609 173
880 31 5
58 32 28
82 32 19
100 32 193
324 32 29
32 330 18
480 32 31
614 32 161
32 621 60
821 32 4
32 841 15
71 33 4
142 33 29
487 33 38
33 528 140
541 33 72
33 746 105
34 133 28
217 34 106
392 34 129
452 34 14
461 34 27
34 520 131
34 602 74
653 34 20
34 739 7
794 34 175
34 852 3
35 45 11
35 150 23
515 35 11
35 568 16
291 36 216
36 328 11
36 332 11
36 336 26
504 37 184
579 37 3
113 38 210
223 38 15
38 324 129
38 435 31
38 506 24
705 38 135
137 39 27
184 39 202
39 207 6
238 39 30
39 331 14
451 39 26
39 498 32
546 39 20
66 40 7
133 40 7
338 40 119
343 40 48
40 436 22
40 577 24
40 662 46
728 40 4
40 751 176
58 41 83
41 176 1
179 41 7
194 41 18
290 41 193
292 41 94
456 41 7
41 506 142
41 580 12
616 41 4
41 760 46
41 877 125
115 42 59
42 149 25
42 172 19
262 42 211
42 290 1
381 42 211
505 42 105
574 42 15
649 42 16
42 874 152
877 42 46
42 881 27
77 43 32
43 241 82
43 262 28
410 43 54
43 451 29
562 43 67
639 43 144
718 43 4
851 43 2
44 93 41
44 109 28
44 320 21
334 44 29
44 640 20
657 44 157
820 44 22
851 44 32
866 44 179
60 45 175
236 45 31
451 45 5
465 45 223
665 45 84
45 871 82
122 46 20
216 46 15
46 275 3
329 46 24
46 376 1
46 435 5
490 46 38
46 564 21
46 796 11
47 65 87
72 47 139
184 47 131
47 228 22
47 281 163
456 47 67
47 576 5
668 47 23
720 47 12
882 47 131
79 48 180
48 242 228
283 48 10
372 48 21
490 48 12
48 559 22
601 48 15
630 48 223
693 48 15
718 48 19
761 48 16
49 157 2
49 262 60
49 304 20
49 314 126
438 49 182
475 49 167
476 49 15
537 49 19
49 865 32
50 101 9
521 50 18
51 140 1
378 51 25
51 435 19
468 51 132
51 545 217
51 642 156
51 758 3
759 51 184
54 52 4
52 119 23
208 52 30
52 267 14
52 344 180
52 356 25
381 52 207
52 449 20
52 455 19
627 52 188
679 52 65
155 53 13
53 163 216
53 171 31
191 53 92
53 201 7
53 262 26
297 53 7
53 397 92
408 53 6
53 521 14
601 53 97
53 626 2
684 53 128
778 53 26
53 879 40
55 54 143
388 54 31
416 54 110
500 54 12
648 54 21
54 692 70
55 118 202
164 55 9
55 218 14
55 275 46
55 330 15
55 347 21
55 377 20
55 429 30
55 484 21
55 641 17
718 55 6
792 55 153
55 837 189
55 840 152
56 61 25
56 218 40
475 56 169
519 56 45
56 591 17
56 701 9
704 56 48
57 703 192
57 787 23
837 57 23
122 58 6
58 125 4
58 153 28
58 248 13
58 268 2
290 58 184
474 58 183
58 524 63
58 576 8
95 59 21
278 59 204
59 609 27
59 700 29
112 60 140
60 171 22
60 179 214
60 298 191
60 329 119
60 334 9
60 360 101
60 872 23
61 87 26
61 300 6
61 315 218
502 61 4
61 518 2
536 61 29
592 61 24
61 597 1
613 61 5
61 635 19
701 61 89
62 170 20
62 214 12
62 298 30
426 62 107
427 62 55
543 62 15
590 62 4
644 62 4
63 260 11
63 305 217
63 307 17
521 63 44
642 63 178
726 63 20
63 811 1
813 63 6
64 84 22
173 64 25
226 64 98
64 426 230
569 64 179
64 705 11
830 64 73
65 75 59
185 65 65
65 254 4
65 324 30
65 346 12
371 65 8
437 65 49
479 65 176
519 65 2
575 65 20
65 609 13
658 65 35
65 720 17
65 741 35
65 785 17
819 65 95
213 66 19
329 66 28
505 66 142
535 66 54
579 66 16
66 650 24
703 66 60
66 836 9
867 66 130
67 147 107
67 219 161
616 67 30
68 259 136
317 68 106
68 566 16
656 68 116
68 750 97
68 867 26
69 242 22
69 430 13
69 746 32
197 70 49
233 70 147
70 293 20
70 310 12
456 70 32
70 616 11
70 635 21
70 727 32
70 752 12
882 70 190
70 889 14
71 124 11
151 71 99
71 182 168
224 71 6
241 71 1
344 71 19
451 71 15
71 536 220
71 595 173
71 669 10
693 71 77
747 71 19
818 71 9
71 829 188
870 71 110
118 72 4
72 473 137
495 72 7
72 626 23
72 715 20
850 72 30
241 73 119
73 295 21
301 73 21
491 73 153
546 73 8
73 620 6
633 73 119
73 657 146
719 73 220
73 795 4
273 74 17
381 74 190
74 396 154
401 74 177
739 74 233
84 75 22
96 75 26
165 75 121
75 195 14
75 259 32
759 75 13
813 75 226
76 86 6
119 76 210
306 76 32
342 76 210
76 585 16
76 729 5
827 76 17
308 77 15
379 77 11
623 77 23
77 789 23
77 815 14
78 194 107
328 78 8
438 78 27
78 489 8
506 78 29
78 550 231
78 627 25
78 638 40
82 79 71
169 79 66
339 79 66
737 79 12
758 79 10
179 80 10
80 252 26
80 257 19
80 341 3
639 80 19
80 659 143
80 828 184
81 290 5
81 403 21
473 81 14
81 521 159
551 81 7
81 640 30
658 81 90
774 81 130
82 196 92
82 309 7
321 82 9
668 82 12
690 82 21
815 82 165
306 83 6
504 83 11
506 83 133
84 364 208
411 84 172
84 477 20
84 647 79
84 686 76
707 84 51
85 110 141
85 127 13
85 591 30
612 85 6
85 765 224
847 85 224
889 85 19
106 86 22
86 158 150
86 233 25
86 261 151
286 86 120
306 86 13
641 86 3
86 846 188
882 86 2
103 87 9
143 87 24
376 87 7
494 87 225
519 87 58
87 784 133
88 134 73
88 343 26
649 88 67
697 88 30
765 88 159
865 88 15
89 155 23
468 89 27
89 528 8
555 89 22
590 89 4
609 89 78
89 712 14
89 757 6
284 90 156
90 444 139
90 527 5
90 665 114
90 680 17
114 91 191
138 91 19
91 221 7
287 91 33
91 321 6
392 91 9
91 548 8
91 604 41
797 91 215
92 186 208
309 92 29
372 92 1
389 92 196
92 410 224
92 427 150
92 436 13
92 586 7
92 750 1
769 92 60
132 93 23
135 93 215
93 253 112
431 93 31
628 93 184
796 93 220
801 93 213
94 97 57
174 94 4
94 232 1
94 252 122
358 94 27
691 94 4
763 94 28
889 94 14
95 222 8
95 247 206
95 332 24
95 494 19
738 95 4
739 95 30
95 741 150
760 95 1
799 95 137
803 95 233
827 95 4
96 356 88
96 514 13
96 699 27
763 96 13
870 96 111
290 97 7
97 361 2
482 97 14
97 646 198
97 743 182
825 97 30
98 136 14
393 98 21
586 98 26
711 98 3
755 98 2
98 844 92
852 98 5
332 99 231
418 99 21
547 99 77
553 99 21
685 99 77
762 99 18
99 823 20
845 99 112
100 190 22
447 100 54
100 465 102
100 562 142
666 100 9
100 667 155
737 100 99
100 738 133
755 100 14
176 101 6
101 197 229
226 101 24
248 101 133
101 398 4
101 430 29
464 101 6
101 489 26
603 101 42
102 166 129
102 181 94
102 242 25
102 607 18
102 725 220
745 102 32
768 102 23
834 102 9
213 103 1
470 103 194
103 490 183
103 513 178
599 103 41
103 625 32
650 103 205
103 680 163
104 214 33
377 104 27
104 579 80
650 104 25
706 104 1
104 721 32
105 264 128
374 105 7
105 408 17
105 421 66
105 588 15
610 105 31
677 105 229
843 105 6
186 106 49
208 106 27
486 106 153
106 543 21
663 106 21
106 750 226
774 106 158
792 106 95
196 107 119
400 107 108
569 107 134
619 107 94
107 765 44
371 108 53
468 108 201
679 108 217
108 787 158
136 109 28
109 358 32
564 109 32
572 109 43
109 706 147
274 110 106
490 110 148
110 596 19
110 796 22
197 111 22
111 253 72
111 408 28
111 520 21
111 650 84
769 111 16
185 112 16
239 112 157
365 112 13
112 485 21
568 112 11
112 735 33
883 112 17
113 198 18
113 275 182
628 113 145
683 113 22
113 689 9
856 113 165
113 857 3
885 113 69
114 235 151
114 376 11
114 463 17
114 618 30
114 710 69
114 842 67
849 114 188
856 114 25
302 115 94
115 749 14
779 115 174
115 851 125
116 157 16
116 319 155
432 116 218
554 116 168
116 754 88
116 787 1
842 116 202
200 117 29
117 411 26
117 585 17
836 117 208
283 118 141
374 118 16
118 860 60
119 309 10
318 119 14
338 119 10
456 119 11
506 119 91
119 883 101
233 120 169
120 788 15
812 120 184
128 121 119
121 281 117
121 459 102
598 121 72
121 613 19
627 121 112
122 310 2
122 331 197
450 122 123
567 122 14
122 815 6
888 122 192
123 227 29
414 123 35
123 476 201
769 123 198
124 150 136
549 124 8
567 124 174
124 604 134
124 685 27
124 739 190
742 124 184
772 124 10
127 125 17
125 235 23
745 125 8
126 237 11
777 126 22
794 126 25
126 804 5
805 126 30
126 859 89
141 127 14
368 127 158
127 556 23
674 127 105
128 131 27
128 198 59
250 128 4
128 257 31
128 383 141
621 128 125
128 707 20
128 712 22
128 781 27
798 128 220
129 346 22
129 553 232
572 129 104
129 585 2
129 643 58
810 129 74
882 129 49
130 213 8
242 130 40
258 130 123
130 289 3
309 130 214
345 130 2
130 417 6
130 535 20
130 595 15
130 724 126
753 130 15
185 131 231
391 131 32
550 131 7
594 131 36
625 131 5
731 131 24
834 131 7
843 131 32
131 859 15
131 867 36
877 131 31
132 134 5
150 132 11
132 301 8
132 383 4
132 618 231
721 132 11
132 793 16
843 132 28
856 132 16
162 133 14
133 180 24
133 301 5
133 471 11
545 133 202
133 549 61
133 589 14
676 133 5
133 682 93
853 133 94
886 133 4
284 134 12
134 426 12
447 134 127
134 508 18
704 134 207
135 283 16
422 135 30
135 433 30
687 135 52
729 135 112
135 836 173
135 857 205
178 136 6
249 136 18
136 316 16
136 349 32
136 368 9
527 136 229
605 136 81
137 264 191
137 673 1
137 777 191
138 290 70
138 583 172
605 138 109
138 645 41
138 852 19
139 309 19
606 139 166
139 849 17
140 264 16
358 140 13
455 140 158
493 140 29
708 140 6
140 766 102
140 770 122
778 140 53
141 143 21
141 194 16
239 141 2
141 516 72
349 142 96
142 361 15
381 142 42
142 383 1
405 142 18
469 142 223
142 492 43
142 510 178
142 604 20
142 732 4
762 142 218
142 869 72
143 285 100
143 400 62
471 143 15
569 143 19
662 143 18
143 707 164
283 144 211
446 144 140
144 482 2
144 508 7
511 144 31
525 144 80
145 150 146
145 266 87
370 145 17
400 145 135
494 145 25
551 145 1
