5923 6201 1220 56
1
1505
1053
3651
341
1463
2996
2993
2197
5078
3642
3974
5075
216
1893
4398
721
1380
1326
1040
2679
147
3710
5918
4794
2018
4036
1212
5264
4367
4956
4772
5828
5259
2134
1922
3399
2656
4070
3312
16
2504
4982
17
1525
834
2733
2112
4551
3735
1988
1485
3359
673
2630
3972
5878
840
2843
243
5168
2545
4192
979
666
157
530
704
5555
4571
696
2400
249
5247
535
2719
5548
2515
5630
1903
5052
1279
58
5588
3788
4853
1207
2248
2225
4789
3831
3205
990
3183
1625
441
523
4042
2673
2683
4423
4382
2243
5538
1132
2649
480
4337
274
495
1402
3566
4966
752
5000
3718
2781
1152
1020
1081
4012
5877
4328
594
3621
2565
3882
5
4354
2109
1318
2325
1739
469
4920
5146
5248
4034
5736
2736
897
1645
2612
391
2854
3406
230
3942
3116
3991
4414
2100
2548
4442
3738
50
1405
5502
466
2695
272
1567
4523
91
1836
1925
873
2821
5267
4971
3625
1658
2333
2731
788
1258
5870
2758
3308
4385
2943
936
92
3980
4056
3102
4710
991
2686
3661
254
3168
1538
1912
4734
4506
1659
199
1928
1958
3959
747
3276
413
4123
5810
1804
4716
1217
5840
2224
4730
2885
2608
23
5436
2632
3808
1972
3703
4872
2421
2015
4158
1165
2900
2957
1331
1660
5403
821
227
5309
4981
3320
2816
1600
2446
4230
2241
5674
4162
2201
2557
1303
2477
900
3773
1630
4410
5260
1056
2508
1232
3378
888
4346
1926
2550
1383
2621
3249
3043
321
2404
2454
244
1898
2004
4726
2636
4316
1833
2413
3785
4374
4518
4561
3940
3118
3918
4585
305
5561
1963
5172
5224
4637
4429
2933
4677
4937
4133
782
3175
4101
2691
1404
77
1007
2147
3128
1618
5601
2664
5411
5592
3000
1502
4907
1206
2748
5780
3553
192
1768
3871
576
2011
4870
1057
2547
2942
5518
3026
3715
2434
1050
3030
432
5560
974
4487
4505
1295
1887
5063
3902
3448
2786
9
1889
3593
5624
4331
2052
3037
2880
1693
960
1942
3973
813
699
827
3262
5689
3575
4391
3246
3146
2607
2522
1297
177
2276
3111
711
5376
3750
21
359
2527
5016
175
3790
1143
457
4707
4052
2209
5204
849
5484
998
4663
1032
310
4628
5312
1784
2923
1039
5784
910
2016
4280
1989
3362
5747
5652
3730
5164
1595
3877
3538
3210
3201
3929
4256
4934
4447
2672
1747
2472
188
515
1863
5771
3726
428
3032
3343
1284
894
4114
3701
1100
5464
650
1156
923
173
4371
1453
745
3622
99
571
3590
1195
708
2236
3878
4831
1729
5897
879
2323
4343
4842
4037
678
207
2784
1586
2529
5163
4265
4490
4836
1366
4939
3753
2605
989
5488
2385
1782
151
3418
3635
3480
4102
3310
548
2650
5682
5634
1620
2542
802
1341
362
4630
3042
5329
4568
4566
132
4225
915
3245
3641
314
4100
3336
5425
5399
119
1220
1876
298
4760
431
3332
2725
3981
5106
583
809
5886
3960
3122
5160
5853
2646
1545
3835
777
2775
577
4900
5410
4118
201
2081
543
7
763
618
614
2585
3024
3447
3556
2365
5722
1181
4788
759
4579
2682
380
5781
4638
1688
5388
2763
5549
3624
1248
2380
5128
5504
2670
4450
4196
2091
3916
4276
1554
3337
2739
524
3092
4954
613
1219
1601
1846
2328
3583
2204
5467
4919
3135
4317
5629
5486
265
4957
3645
3161
3268
1998
795
3260
3630
953
3449
4572
1771
866
2674
999
2426
4227
4793
3922
757
1103
868
4422
4024
2163
3733
4409
1062
2378
1859
5672
5546
2044
3559
3172
2020
4912
3708
2716
4640
5249
2070
3789
3555
1886
5013
1246
458
970
3924
4321
5236
281
398
1550
5832
3727
1896
1456
3776
902
3990
2524
1943
5019
3441
2003
751
2930
4250
337
3724
1090
32
3057
5328
2697
4852
4156
5552
2331
242
1834
878
5126
4364
4193
4434
1046
1272
2934
4895
5093
5333
1519
3752
1814
3155
3059
1654
3857
5037
4079
1610
5057
3659
569
1672
603
4759
4307
4255
3978
2875
3526
4460
872
5212
169
5766
2554
803
4013
928
2768
4681
4099
3236
5239
4063
4095
1689
5796
3457
575
3611
3623
5211
1738
60
1874
611
4592
1489
40
1157
3958
325
4733
3537
3293
3709
3224
2817
5305
5102
209
289
1311
5914
534
4092
886
1687
2277
1850
3008
4521
3080
4241
5705
559
4296
2317
862
1334
1644
5547
786
1992
3077
882
797
4741
5230
1907
3826
2833
1492
1234
3915
623
3582
2617
3637
4088
3387
2342
3038
895
4347
1959
1074
5008
4876
4909
3638
3198
1751
3445
1800
4502
1932
5622
3837
4402
3948
5593
2669
5132
2694
83
880
105
2203
744
4856
2363
1278
939
3363
4985
433
4812
574
5845
586
2038
580
338
845
153
2462
2796
3804
3811
3112
5316
376
5340
1722
124
5619
3127
5281
2221
273
3781
5080
472
5851
4038
5058
143
483
5489
3987
4094
3866
2309
1740
3508
1167
3202
3793
3181
4053
3612
3396
968
811
526
390
8
4863
1005
505
3571
2152
2290
2715
3605
385
3270
4542
5402
607
4808
5691
929
5208
377
1473
3046
5061
3072
4565
4952
206
2652
4104
5338
3652
1661
2589
2356
5315
2178
4318
520
315
5356
3548
1395
1762
5834
5654
3489
1029
2841
383
973
1787
2523
5734
3093
1855
4186
180
4889
5286
4634
2024
5776
41
4975
714
2835
1641
657
5786
5671
4055
4005
2035
5860
1012
3377
454
3321
5350
4658
4470
4695
2575
529
2023
2577
4182
3452
682
3407
843
2755
4153
2010
4417
3443
55
5406
5702
1673
4841
727
5352
1069
4590
5242
2399
64
156
1941
4413
2217
2710
4740
2142
3809
5386
743
3484
3121
5715
3759
3453
5217
842
2581
4381
3290
1995
787
4700
1488
444
805
5314
4379
1872
926
5213
5441
5683
521
5667
1440
3671
448
4692
4802
2807
3660
5089
503
5735
5461
424
647
3551
5675
4915
1750
1494
486
3631
2751
4341
1188
3149
2998
1146
3834
612
5856
5262
1553
1790
1367
4754
5421
686
3136
4855
5332
4792
4689
1844
1244
5195
1905
5443
2921
3634
138
1394
5744
2578
3525
1871
1349
5562
163
1571
4286
1578
5134
1166
4965
395
2947
1153
664
3039
502
4723
4780
5783
917
3324
1684
3787
3237
1357
5007
282
5729
987
3231
4247
3274
858
5508
5415
2789
4955
3867
5294
3784
1093
150
2544
2186
4806
498
3003
2558
5823
770
1843
3522
1870
487
5501
2280
3288
3796
622
5435
899
5375
4819
1174
1603
848
2083
3539
1961
2972
954
533
2920
1717
3560
228
2902
5318
4254
2088
3512
1000
5656
4075
2820
4203
2741
2762
1227
5214
1879
4204
3370
2104
129
1663
134
4877
5408
1347
1815
4431
1852
462
464
5803
3619
5220
2945
2530
1403
2408
790
3218
820
5033
3617
160
1655
536
3670
5738
5721
1185
5185
2343
5668
4277
2189
3569
3693
3064
3946
746
1508
1575
2973
4927
5698
3047
2182
1623
4875
3300
2566
831
3089
3053
5551
3684
96
5041
1449
4185
2642
4372
3167
266
4989
3542
28
1 2 11
4 1 3
1 6 9
10 1 9
1 11 12
1 12 16
1 69 3
1 78 10
1 175 4
242 1 12
3 2 15
5 2 2
9 2 11
20 2 8
31 2 9
2 84 12
199 2 10
2 252 5
2 2403 15
2 4782 16
3 27 7
70 3 3
3 80 22
3 82 11
3 568 7
3 1199 6
4 13 7
4 74 11
241 4 12
5 7 8
5 42 6
48 5 11
447 5 6
5 849 4
5 991 11
2239 5 1
5 2406 15
5 2446 14
8 6 8
16 6 8
6 19 21
6 25 20
249 6 12
470 6 11
479 6 12
6 1100 1
6 1118 23
1730 6 22
6 2635 6
126 7 2
144 7 14
236 7 11
7 1158 2
2886 7 20
3832 7 3
3991 7 13
5008 7 7
8 23 2
168 8 8
8 194 10
8 902 7
8 2228 17
5592 8 12
9 24 10
9 47 2
147 9 12
2346 9 2
9 2714 7
14 10 19
10 15 11
10 22 10
10 32 7
60 10 11
63 10 6
10 111 2
211 10 20
10 747 2
10 3286 7
11 18 11
39 11 7
53 11 6
55 11 12
11 90 15
924 11 12
11 1107 5
1820 11 14
12 1139 2
12 3856 8
12 5216 18
40 13 2
13 99 22
13 391 21
517 13 18
13 534 18
14 89 21
14 245 19
14 312 5
383 14 2
737 14 12
14 1273 7
4310 14 7
15 17 3
15 45 5
133 15 1
15 250 2
16 26 19
30 16 1
110 16 18
16 117 3
36 17 16
17 41 14
56 17 10
65 17 8
17 151 23
17 266 4
17 5336 17
463 18 4
18 1832 12
3949 18 19
28 19 3
19 71 10
179 19 22
313 19 6
648 19 9
873 19 2
3610 19 8
19 4910 6
21 20 10
20 29 19
76 20 11
20 114 18
149 20 21
337 20 9
998 20 8
5861 20 5
21 283 12
21 339 11
389 21 7
21 588 9
749 21 10
33 22 16
138 22 1
22 492 8
22 575 6
1027 22 6
22 4041 7
23 190 1
332 23 7
349 23 5
2336 23 15
3288 23 9
24 37 3
24 407 10
5636 24 1
122 25 11
295 25 1
556 25 10
3640 25 3
38 26 15
50 26 4
26 58 3
119 26 11
688 26 13
26 740 22
1604 26 10
26 2396 5
26 5627 10
49 27 11
27 77 5
1082 27 12
27 1532 7
5348 27 22
34 28 17
2168 28 10
28 3633 17
4418 28 8
29 46 7
152 29 12
458 29 6
561 29 8
895 29 5
1669 29 2
30 54 8
30 94 6
98 30 7
30 181 9
30 244 17
30 1148 5
4766 30 9
97 31 12
357 31 21
2504 31 10
101 32 10
32 348 2
32 781 7
799 32 6
32 948 11
32 2169 16
32 4528 1
113 33 13
33 169 8
33 3249 20
4125 33 12
35 34 10
34 52 4
34 1756 7
34 4544 19
44 35 10
35 68 2
134 35 1
1895 35 19
4772 35 2
51 36 1
36 91 11
36 217 3
247 36 10
871 36 5
36 1411 6
36 3325 2
653 37 12
37 919 11
37 958 22
3437 37 1
170 38 4
200 38 7
1052 38 6
38 1285 5
1554 38 9
3572 38 4
4500 38 11
5238 38 2
93 39 7
39 118 8
39 160 16
39 2906 14
40 57 1
40 129 19
40 137 10
40 159 12
40 297 1
40 351 2
40 415 11
40 720 7
40 972 4
4780 40 7
41 61 5
102 41 11
41 112 19
41 585 18
41 591 4
3809 41 3
42 43 22
127 42 23
880 42 8
66 43 2
139 43 6
43 258 12
1447 43 1
43 3446 5
256 44 8
44 294 17
44 371 9
657 44 23
885 44 6
44 5091 3
770 45 12
1219 45 10
45 3375 16
45 3841 1
64 46 11
46 467 2
673 46 22
46 3310 23
143 47 1
197 47 13
47 553 9
5386 47 4
47 5912 3
48 83 11
48 96 2
201 48 9
253 48 4
1410 48 2
48 1719 7
49 75 19
494 49 10
1357 49 6
1841 49 2
2175 49 2
59 50 5
50 2050 4
359 51 12
790 51 8
51 3039 12
51 4077 8
52 86 12
52 340 6
789 52 10
52 5876 10
53 224 1
237 53 2
53 1104 12
53 1733 8
2681 53 12
4252 53 1
5895 53 12
54 100 7
54 235 8
54 320 12
54 691 7
1014 54 5
54 1361 8
54 3934 10
55 73 4
124 55 10
55 1370 10
3890 55 9
203 56 5
56 210 20
56 275 18
56 459 13
1590 56 4
56 2231 14
57 72 4
57 156 4
621 57 10
930 57 5
58 171 15
58 3389 22
116 59 8
248 59 7
59 2309 14
60 62 9
60 273 3
60 443 3
660 60 19
60 1250 4
61 507 12
603 61 12
61 1567 19
2430 61 7
61 2623 6
3117 61 18
62 109 17
62 1695 14
62 5682 9
63 187 1
482 63 14
1479 63 6
63 1856 8
67 64 10
146 64 8
64 193 9
229 64 9
64 282 9
881 64 5
396 65 6
65 418 13
65 439 5
65 587 21
66 281 12
66 450 10
665 66 7
3556 66 2
103 67 4
115 67 12
67 480 12
67 818 21
67 2788 6
2995 67 7
92 68 9
68 157 7
68 547 11
68 804 19
68 3382 4
69 219 7
455 69 14
69 698 4
801 69 18
87 70 2
70 446 8
70 3017 23
70 4497 8
70 4771 5
71 81 6
238 71 8
379 71 1
71 3518 21
214 72 3
489 72 6
72 1312 7
73 108 2
73 125 1
951 73 14
1668 73 14
73 1852 3
2328 73 7
2907 73 5
74 104 12
832 74 22
75 79 21
243 75 1
306 76 5
390 76 8
476 76 7
910 76 6
1524 76 5
76 2059 8
77 105 12
107 77 6
77 121 11
78 140 5
264 78 6
1031 78 10
79 150 8
79 215 6
79 4361 5
85 80 1
80 216 12
80 300 12
80 393 7
80 607 21
1634 80 10
2364 80 4
80 3264 8
762 81 10
967 81 3
81 1247 2
81 2331 5
81 2490 5
3237 81 20
82 142 11
82 184 9
186 82 1
205 82 9
82 353 5
82 2752 2
95 83 8
1141 84 9
1281 84 5
84 1662 13
3036 84 3
225 85 4
366 85 12
86 88 8
285 86 3
86 338 6
886 86 6
86 937 7
2972 86 13
5860 86 12
1300 87 11
87 2266 12
88 323 20
88 370 12
88 419 12
428 88 5
809 88 17
2727 88 14
3623 88 10
5529 88 23
89 162 10
452 89 5
89 903 22
89 3662 7
316 90 8
374 90 9
90 738 17
91 1029 2
91 1593 16
91 1982 2
4259 91 19
92 155 3
92 466 21
1453 92 22
218 93 12
93 783 10
1782 93 22
2024 93 9
93 3495 8
130 94 10
196 94 1
356 94 1
1647 94 23
95 1062 17
1150 95 6
5693 95 8
274 96 8
96 769 8
1066 96 22
1179 96 9
1904 96 7
96 2553 10
97 344 6
97 782 6
97 2688 2
97 4161 17
98 164 8
1395 98 11
2165 98 21
2197 98 9
99 718 16
99 1764 23
5299 99 8
106 100 8
100 565 6
1397 100 2
2287 100 7
100 2914 6
4270 100 10
101 228 2
101 367 2
2164 101 19
422 102 5
102 465 6
103 246 10
103 288 10
303 103 7
355 103 11
429 103 18
103 518 21
103 1127 10
2937 103 3
103 3047 10
3274 103 12
103 5496 3
104 131 17
104 163 1
104 516 17
104 1888 4
2655 104 7
105 135 8
105 180 18
105 206 3
317 105 12
545 105 12
105 600 9
105 1098 1
105 1163 12
106 511 18
625 106 12
108 1181 4
108 4126 15
109 145 10
109 183 4
109 1376 7
154 110 2
110 1414 20
111 123 10
111 176 8
207 111 22
1587 111 6
2220 111 20
111 2731 8
111 3453 6
4285 111 15
112 270 2
112 766 2
779 112 4
113 128 11
268 113 3
113 310 7
388 113 4
113 562 9
114 120 23
114 158 23
114 365 20
114 2015 11
114 2386 9
114 2887 20
4257 114 1
115 230 4
336 115 1
115 2659 11
116 166 3
188 116 11
221 116 2
1553 116 11
2295 116 3
117 321 11
117 412 1
117 416 18
117 666 11
117 5892 5
2018 118 7
141 119 16
420 119 7
119 763 23
119 1032 5
1495 119 5
2586 119 11
209 120 13
227 120 6
251 120 3
120 326 8
120 520 7
1400 120 1
120 1422 6
120 1563 7
120 3903 5
120 4202 5
1420 121 2
121 4796 23
269 122 4
3619 122 12
123 1301 12
2431 123 8
478 124 6
2283 124 1
124 2339 7
475 125 7
574 125 9
125 638 1
125 1094 15
1929 125 23
3020 125 12
4025 125 16
4927 125 2
136 126 1
126 182 3
195 126 4
828 126 9
1723 126 11
126 2654 5
3499 126 21
994 127 14
1351 127 12
1608 127 4
2296 127 9
411 128 4
1564 128 9
132 129 8
129 1579 13
2881 129 22
4079 129 16
130 1859 6
131 825 18
131 2183 10
131 2940 2
4649 131 9
131 5042 3
148 132 19
132 191 6
132 202 1
165 133 1
212 133 17
1287 133 12
2567 133 4
172 134 1
525 134 7
613 134 11
134 631 20
1008 134 9
136 496 9
136 563 9
1329 136 16
444 137 1
137 1773 1
5650 137 7
167 138 17
397 138 16
138 2112 1
5469 138 2
139 726 2
139 1566 11
140 153 3
394 140 1
140 694 20
140 5686 12
141 1434 9
2780 141 11
5640 141 13
142 287 19
333 142 5
515 142 2
143 433 2
1396 143 2
3454 143 2
177 144 5
144 232 7
145 161 3
145 189 2
146 456 4
146 633 14
146 1085 9
192 147 6
558 147 7
1360 147 2
2438 147 6
147 4218 11
148 2047 10
2794 148 4
272 149 3
149 395 8
719 149 7
150 354 1
150 727 1
150 841 9
151 174 18
151 267 22
1483 151 2
2399 151 16
152 185 9
152 278 3
152 923 19
153 329 21
153 341 11
642 154 8
154 754 2
2127 154 7
154 2180 3
155 262 19
435 155 1
557 155 20
263 156 2
409 156 20
156 980 6
1020 156 7
178 157 7
157 3666 20
158 697 10
807 158 6
158 2782 6
159 1043 2
1865 159 7
2500 159 14
159 5831 13
160 399 22
160 579 15
2322 160 16
173 161 1
161 271 11
305 161 6
2141 161 7
369 162 15
162 589 10
162 4044 9
163 861 4
1289 163 11
163 1626 12
469 164 11
3426 164 3
3427 164 17
164 4040 7
165 361 6
400 166 9
755 166 20
167 302 4
3645 167 13
3921 167 17
596 168 10
2492 169 23
204 170 2
1310 170 3
171 622 6
171 996 10
1381 171 11
172 681 8
172 843 4
1229 172 4
4397 172 8
172 5712 4
173 4695 3
174 208 7
2118 174 7
3430 174 22
175 311 8
1255 175 7
175 1580 10
176 198 11
176 1319 1
2432 176 10
254 177 14
417 177 9
462 177 6
705 177 5
177 3093 23
987 178 22
178 5490 3
179 1332 6
3732 179 18
3764 179 23
180 307 11
725 180 7
180 806 12
835 180 7
181 560 6
778 181 12
1113 181 6
1451 181 5
2631 181 9
181 4892 8
5138 181 11
794 182 12
182 3040 12
4506 182 16
222 183 21
290 183 10
183 1045 5
1670 183 11
183 4779 15
309 184 9
1950 184 12
392 185 11
185 1352 12
1366 185 10
185 1780 14
1238 186 18
426 187 23
4308 187 8
539 188 11
498 189 1
189 559 3
791 189 16
2216 189 11
190 431 14
190 1166 20
190 3042 21
4887 190 2
223 191 7
239 191 5
191 599 1
191 1009 11
192 1124 17
193 304 1
193 550 20
1636 193 4
4100 193 11
693 194 6
965 194 4
194 4960 3
195 2793 3
195 5032 23
982 196 1
1146 196 8
1432 197 11
2375 197 9
406 198 6
542 198 8
198 549 7
2482 198 8
198 4283 3
231 199 5
318 199 9
199 1306 6
4280 199 4
5772 199 3
200 261 2
984 200 12
200 1223 7
3704 200 10
200 4455 8
200 4724 3
566 201 7
201 3297 5
403 202 7
414 202 10
423 202 22
202 1033 2
1578 202 3
4854 202 6
413 203 21
508 203 8
1225 203 11
203 1501 22
203 3169 8
3833 203 21
5145 203 3
204 259 14
204 857 2
205 213 18
437 205 1
838 205 7
1090 205 16
2043 205 22
206 2236 15
206 5198 3
5801 206 10
207 299 5
322 207 14
207 717 14
1577 207 3
604 208 5
2513 208 19
3209 208 12
208 5534 2
291 209 4
209 521 7
209 543 12
834 209 7
2519 209 18
209 4659 1
279 210 20
277 212 9
381 212 21
212 2209 14
4549 212 1
213 373 9
2833 213 11
213 3636 11
4039 213 3
1421 214 3
2851 214 8
3065 214 5
215 3099 15
301 216 1
451 216 20
844 216 18
936 216 3
216 4330 22
217 234 3
421 218 12
218 1016 6
218 1867 11
218 5210 10
220 219 12
219 233 4
219 1173 3
346 220 23
220 2491 2
2770 220 12
220 3353 2
611 222 2
756 222 8
1331 222 1
5133 222 21
398 223 20
223 1081 6
1133 223 21
226 224 19
315 224 11
1116 224 13
3948 224 4
343 225 7
225 510 11
5668 225 16
240 226 10
226 533 23
656 226 8
1403 226 5
227 257 15
227 325 4
364 227 21
227 488 9
227 1203 1
314 228 2
228 1038 22
228 1800 9
228 3156 8
3925 228 5
280 229 4
229 486 8
702 229 9
229 1060 8
229 1934 22
2495 229 6
5687 229 2
255 230 2
932 230 8
230 1892 8
5676 230 2
231 788 13
4340 231 12
232 380 3
232 3725 9
232 5142 8
233 410 11
532 233 10
1523 233 7
233 1631 9
234 298 5
234 1371 9
234 2036 8
3351 234 12
265 235 4
641 235 8
235 1947 15
2261 235 10
235 4015 17
235 5392 8
236 377 10
502 236 23
1239 236 3
2013 236 8
236 5648 3
237 330 2
375 237 9
742 237 4
1244 237 7
238 401 8
238 3994 18
239 911 17
669 240 1
3549 240 9
319 241 12
241 868 8
241 1044 7
241 1074 19
241 4992 9
5400 241 6
242 2159 7
243 308 12
1174 243 2
243 1911 7
2572 243 13
3195 243 2
243 5180 8
244 327 6
245 954 21
3560 245 5
324 246 3
2855 246 5
246 5697 12
247 284 8
247 1071 3
247 1992 17
4311 247 4
247 5848 2
1022 248 8
248 1530 17
248 5623 2
286 249 2
249 578 3
593 249 15
249 860 6
1153 249 1
1384 249 2
249 1783 3
3562 249 6
899 250 3
1015 250 21
250 1235 10
250 2925 22
3668 250 2
250 4205 6
4869 250 6
4905 250 1
544 251 5
724 251 18
251 3104 1
251 5055 21
252 438 5
615 252 9
252 1138 2
252 2884 23
4372 252 20
491 253 8
546 253 17
1881 253 7
2576 253 10
254 1667 2
256 352 7
472 256 4
256 701 18
256 1012 10
257 2140 5
257 2751 9
2860 257 10
260 258 4
2066 258 8
258 2454 22
258 4318 21
627 259 9
259 1249 9
3307 259 11
3820 259 8
4764 259 8
260 368 12
624 260 9
260 1053 11
260 2291 17
261 360 17
683 261 17
261 4770 2
262 1328 12
262 4952 6
682 264 5
590 265 6
265 3892 14
266 1792 7
609 267 9
342 268 3
1253 268 3
268 1731 7
504 269 6
270 445 7
270 872 5
270 2313 8
331 271 10
4067 271 18
292 272 8
293 272 2
928 272 18
272 4286 16
4508 272 7
289 273 6
347 273 3
273 1101 19
273 2272 1
273 3318 23
274 276 3
274 655 11
992 274 3
1004 274 8
275 434 16
667 275 15
275 774 21
1749 275 2
276 424 4
276 920 12
276 1699 7
1757 276 9
2380 276 5
276 2413 1
276 2772 8
277 334 1
277 1260 9
1713 277 12
384 279 1
279 3157 5
4785 280 7
363 281 5
569 281 14
281 824 23
1279 281 2
3551 281 23
1102 282 16
4102 282 20
382 283 9
606 283 13
283 1696 3
283 2533 8
5207 283 5
1234 284 4
1740 284 10
284 4793 2
285 3824 3
286 1717 12
2123 286 4
3532 286 20
554 287 3
1251 287 1
2250 287 6
2488 287 1
3577 287 14
4610 287 14
288 425 5
288 1320 10
540 289 13
289 614 18
290 461 8
290 854 5
291 328 17
404 291 1
291 1323 5
291 1539 15
291 2677 6
291 3510 22
296 292 10
528 292 15
292 1547 6
3273 292 10
610 294 8
883 294 6
294 1603 10
295 670 2
677 295 4
722 295 4
296 485 5
296 926 5
2251 296 22
947 297 3
297 1399 23
297 1415 4
1675 297 5
297 2142 3
892 298 8
298 1858 4
440 299 1
300 1233 3
1776 300 15
1823 300 23
2153 300 7
3096 300 4
300 3519 4
300 4212 13
301 1542 11
1545 301 9
3486 301 4
302 3667 22
303 449 14
303 536 5
303 1035 8
303 4068 2
304 335 6
432 304 3
501 304 6
304 1265 4
1661 304 9
305 1088 8
305 2146 8
306 909 5
1046 306 2
1187 306 12
2393 306 9
306 3018 4
306 3259 20
307 1375 12
307 2682 6
307 2801 10
2880 307 11
3651 307 1
308 362 14
308 483 1
309 3743 6
309 5904 14
1099 310 5
310 1513 8
378 311 8
311 571 2
313 956 11
1753 313 4
313 2969 2
313 4944 8
706 314 2
314 858 17
314 1155 7
314 1597 11
315 729 14
316 1221 4
1891 316 9
316 4189 12
514 317 7
1149 317 21
317 1583 3
317 1769 8
1974 317 20
2532 317 5
430 318 15
318 944 7
1621 318 9
650 320 11
321 453 9
321 680 23
321 1393 5
548 322 8
322 567 7
612 322 23
616 322 1
829 322 15
322 2370 5
4309 322 11
5827 324 22
325 623 10
325 1935 3
326 1592 11
326 4653 8
519 327 8
1189 327 1
327 1383 13
2739 327 9
1210 328 3
1050 329 8
4465 329 10
330 385 12
1103 330 7
1195 330 9
331 3396 11
3523 331 5
331 3791 16
531 332 10
2113 332 17
2999 332 5
4965 332 8
333 372 7
334 345 12
334 387 3
334 522 3
1161 334 20
1222 334 11
334 2733 7
3611 334 6
335 376 20
335 995 6
335 1519 17
1610 335 11
335 5564 2
336 753 12
943 336 10
336 1642 7
3829 336 7
358 337 11
678 337 16
964 337 6
337 4623 5
487 338 8
490 338 6
338 538 15
338 555 10
658 338 12
338 5486 4
339 3585 20
339 4402 20
427 340 22
471 340 12
941 340 18
1165 340 9
5653 340 4
481 341 9
341 1224 1
1419 341 4
341 1497 19
341 1643 9
2748 341 8
341 3469 5
4022 341 10
342 405 7
595 342 6
1359 342 6
342 1977 11
350 343 2
852 343 20
436 345 6
1954 345 6
345 1994 14
346 2867 3
347 529 13
915 347 1
347 2516 11
348 460 12
876 348 3
1037 349 23
2738 349 8
349 3075 3
350 676 11
350 2620 4
4460 350 5
884 351 5
2038 351 19
499 354 9
1157 354 9
354 2987 9
355 1006 9
1080 355 4
3570 355 1
2009 356 3
2468 356 18
5166 356 21
357 635 5
357 733 3
357 1589 3
506 358 1
889 358 6
358 2465 13
358 3082 6
359 813 9
1213 359 10
3228 359 7
359 3863 10
713 361 4
361 1646 1
361 3473 5
362 887 7
1377 362 2
721 364 4
364 929 6
364 1079 7
2639 364 4
3543 364 2
3942 364 2
365 505 13
2182 365 12
4489 365 15
386 366 14
366 1130 16
366 1510 6
810 367 13
1996 367 2
368 639 8
368 1135 6
368 3051 10
541 369 8
784 369 2
369 3514 8
370 408 6
370 474 1
370 2158 9
370 2424 8
484 371 17
371 752 11
371 867 2
371 1266 3
371 4366 5
4716 371 17
372 853 2
5172 372 2
448 373 7
1245 373 23
1369 373 11
373 1459 14
374 619 4
970 374 4
374 2463 4
3526 374 13
942 375 9
4338 375 8
376 464 4
402 377 12
377 826 18
377 5696 2
378 1617 9
1390 380 12
1660 380 2
1191 381 1
3235 381 1
381 4773 8
382 512 14
382 2592 10
4333 382 13
382 4961 7
618 383 5
384 584 23
384 955 22
3772 384 1
442 385 12
576 385 4
385 773 5
385 1047 1
385 1441 12
385 1778 15
3240 385 19
385 3552 6
5797 385 8
386 636 7
386 1040 2
386 1073 7
386 1467 5
441 387 2
477 387 16
1084 387 3
387 1089 13
1507 387 23
497 388 5
388 663 6
4239 388 9
389 626 3
795 389 10
389 1644 13
1794 389 8
3135 389 22
523 391 12
2323 391 6
392 582 12
1849 392 10
392 3221 6
393 1282 5
2126 393 7
3384 394 7
3590 396 10
605 397 5
1373 397 4
397 2693 5
4106 397 6
397 4253 12
398 748 9
398 907 16
1280 398 10
398 1612 1
5722 398 13
399 1048 8
3063 400 5
401 772 6
402 1355 4
402 2170 8
3234 402 16
690 403 5
403 800 1
403 3229 6
403 5320 8
796 404 5
404 839 2
404 877 7
404 896 10
3947 404 11
503 405 9
405 878 12
405 1096 10
1945 405 9
473 406 12
4849 406 6
651 409 1
409 822 12
1017 409 1
1653 411 8
411 2091 20
412 495 4
2176 412 3
412 3187 11
413 602 6
413 1120 4
1214 413 17
2254 413 8
413 2371 8
1499 414 3
415 640 19
415 1807 3
1976 415 15
3129 415 14
780 416 21
891 416 4
3133 416 13
865 417 9
1502 417 12
417 4481 2
500 418 1
418 4715 1
592 419 23
419 793 7
419 2082 8
420 454 4
420 5147 12
420 5437 9
421 731 9
421 1606 10
421 3291 12
421 4790 4
422 573 7
422 1284 9
422 3798 7
423 1367 8
1691 423 2
423 3329 12
423 3887 1
424 819 5
424 978 22
1584 424 7
2070 424 8
2350 424 17
3193 424 22
424 4704 8
425 629 6
425 901 16
425 1205 3
5195 426 9
427 457 21
428 2797 9
570 431 11
630 431 8
431 695 14
3598 431 1
3895 431 4
2385 432 18
3236 432 22
433 1550 12
433 5326 5
435 777 2
1803 435 9
435 5235 1
436 1676 8
2464 436 3
436 3524 6
436 5154 7
1774 437 8
437 1970 17
438 675 17
3201 438 17
438 3339 7
439 4804 12
2316 440 18
2502 440 2
3357 440 11
493 441 12
442 468 2
583 442 11
617 443 10
443 2162 5
444 684 11
444 1276 2
2321 444 7
444 2668 7
444 2848 20
2856 445 10
445 3294 1
445 3957 22
765 446 1
4117 446 10
4448 446 9
446 4820 18
447 530 3
447 2334 16
448 918 4
449 5585 5
450 535 9
3471 450 4
5187 450 10
452 1228 5
1429 452 8
2075 452 16
452 4014 13
513 453 6
453 811 10
1957 453 10
453 3062 7
453 4200 9
4691 453 6
454 597 11
734 454 4
3319 454 6
454 5507 6
455 1625 1
455 1759 22
455 5193 3
1147 457 22
2740 457 12
457 3127 23
457 4954 4
5642 457 9
526 458 13
458 866 9
3266 458 1
4112 458 7
5103 458 8
5521 458 4
459 736 3
2192 459 6
459 5034 5
768 460 2
823 461 6
461 1724 9
2769 461 10
461 5137 1
696 462 7
462 5466 12
463 668 8
463 2213 9
509 464 1
3388 464 4
465 692 12
2892 465 15
465 3792 5
466 594 14
466 1494 10
466 1689 9
466 2200 10
467 581 4
685 467 12
467 746 16
467 1271 2
2889 467 7
1137 468 1
1327 468 6
468 1853 8
468 3136 23
469 537 8
1972 470 3
470 3448 9
961 471 5
2188 471 4
643 472 21
894 473 17
1372 473 15
474 1024 4
474 1026 13
474 5155 3
475 2311 12
524 477 8
477 628 16
645 477 5
1292 477 4
3432 477 2
5175 478 7
983 479 4
479 1988 1
480 3867 12
922 481 6
1754 481 7
644 482 10
797 482 20
1405 482 3
3282 482 12
4436 482 15
483 527 6
483 735 11
483 744 17
483 1069 21
1325 483 12
483 5883 8
1083 484 21
484 1986 10
485 2202 10
485 3210 9
3410 485 4
689 486 12
486 897 1
486 1000 10
486 1470 14
486 1471 9
4672 486 9
598 487 7
487 1309 1
487 2700 9
487 2829 12
3983 487 4
5001 487 6
5562 488 7
4124 489 11
564 490 5
2277 490 7
490 3070 1
3320 490 8
758 491 5
1898 491 10
1762 492 22
492 5298 4
761 494 11
1684 494 16
2888 494 5
495 2961 20
4458 495 11
1236 496 9
498 855 9
2791 498 4
3084 498 3
5281 498 11
499 634 12
2056 499 8
500 2308 6
500 4934 12
501 687 8
501 933 4
501 935 2
501 1703 3
501 4794 10
502 1186 16
502 3836 11
710 503 3
503 2460 8
503 3467 20
505 664 10
2557 505 6
1207 506 1
506 2125 15
1311 507 1
5028 507 3
1401 508 5
2095 508 8
508 3150 21
509 572 23
510 703 7
510 1814 10
4181 510 6
511 1897 6
802 512 19
1680 512 8
2363 512 3
512 2950 9
513 552 9
513 708 4
514 1087 1
514 1682 12
3931 514 1
514 4377 3
514 4525 10
4400 515 1
516 850 7
608 517 3
743 517 12
4751 517 9
518 716 5
840 518 7
518 1178 5
518 2122 1
518 2327 5
518 2408 18
518 2419 5
518 5598 2
2121 519 3
4637 519 9
1842 520 10
1075 521 8
521 2120 9
522 4240 14
522 5381 8
524 1021 7
525 2876 10
525 3929 8
5752 525 22
601 526 16
526 4243 17
527 580 9
527 2214 10
528 1283 6
528 2570 2
528 3076 19
528 4451 17
786 529 6
529 905 19
529 1028 9
529 2102 10
530 1981 1
530 3268 2
530 3317 1
2802 531 10
531 3178 4
739 533 14
900 534 8
3528 534 18
535 1463 9
535 2191 3
1264 536 4
1484 536 6
3023 536 23
536 5740 8
5789 536 2
536 5837 6
537 3763 14
1461 538 7
538 4941 19
4442 539 21
577 541 15
541 5422 9
542 1569 6
542 1914 3
3125 542 22
543 551 3
543 3059 20
543 3390 9
620 544 11
977 544 5
3342 544 3
1164 545 6
545 2010 9
546 757 3
1785 546 3
546 2257 16
547 1105 4
2531 547 4
1363 548 3
549 1651 14
659 550 7
550 741 10
957 550 2
1220 550 1
550 4166 9
552 3459 17
553 1013 20
553 2011 17
554 952 20
1843 554 4
554 2080 21
5162 554 8
555 632 22
555 959 8
1574 555 14
555 5246 16
874 556 6
1582 557 8
2602 557 4
558 798 14
558 2074 2
3080 560 4
561 776 11
2759 561 10
2697 562 11
3374 562 1
950 563 2
563 1278 10
563 1777 13
563 5130 4
564 988 7
2547 564 7
565 940 6
3944 565 5
566 637 16
566 973 4
1588 566 2
2723 566 13
2957 566 4
649 567 23
567 805 14
1354 567 17
567 1639 1
567 2163 14
1345 568 16
2065 568 3
715 569 20
3126 569 3
569 4808 19
847 570 10
1346 570 11
570 2063 9
570 2522 9
1051 571 17
571 1942 12
3064 571 4
571 4546 12
572 764 1
572 921 3
1077 572 9
573 674 9
573 1011 9
573 2362 8
679 574 9
586 575 18
575 1641 12
576 792 3
993 576 6
4841 576 1
579 1801 7
1815 579 9
5632 579 12
875 580 4
960 581 1
1389 581 5
581 2680 1
3785 581 3
672 582 3
582 1418 9
582 2109 1
5773 582 2
583 4835 7
585 1537 10
585 2443 21
585 2847 2
5844 585 12
3953 587 9
587 4879 11
588 1488 13
588 3147 5
859 589 23
589 3074 12
846 590 6
2301 590 5
890 591 11
591 1936 6
591 2760 11
2901 591 20
591 5427 12
592 1766 7
699 593 3
2161 593 13
5778 593 6
1979 594 10
594 5602 6
686 595 23
661 596 3
597 1812 22
1828 597 3
597 2344 2
598 759 8
1246 598 18
598 1440 23
598 1540 10
3621 602 1
602 4416 19
4792 602 4
2550 604 8
3263 604 4
604 3599 10
605 5735 21
767 606 10
2713 606 6
607 3647 12
608 963 6
1204 608 8
808 609 23
609 1417 10
610 647 9
1905 611 7
5453 611 3
728 612 3
612 1468 7
2186 612 9
5389 612 19
613 4060 20
5122 613 7
614 2486 2
2559 614 23
615 1025 12
1296 615 3
1500 615 19
615 3057 3
615 5011 3
1568 616 12
1613 616 10
3436 616 5
2184 617 13
1023 618 8
2366 618 6
619 662 4
2603 619 11
5283 619 7
620 975 5
2107 620 10
622 1388 23
622 1918 2
3656 622 21
1092 623 4
1313 623 3
2044 623 9
623 3767 4
4968 624 14
2031 626 23
627 1041 12
627 2017 7
2412 627 3
627 3729 22
1868 628 1
628 5864 3
629 1521 7
629 2624 7
629 2963 5
3130 629 1
3893 629 2
4381 629 22
629 4483 2
629 4498 12
1295 630 10
630 2705 3
632 709 4
632 1557 13
1654 632 22
632 5374 10
633 646 11
1070 633 1
633 1917 5
633 2223 1
633 2615 12
2745 633 8
4080 633 9
1391 634 1
636 3189 3
1308 637 6
1561 637 13
637 2568 9
3364 637 5
2404 638 11
1230 639 8
2382 640 5
1999 641 18
642 898 8
5226 642 11
643 1039 2
643 1846 5
1054 644 7
644 2218 19
644 2903 9
645 4573 2
3260 646 3
5075 646 4
5183 646 11
647 2625 8
647 3033 12
3359 647 17
751 648 14
648 997 21
2455 648 23
2569 648 9
2798 648 2
3650 649 8
650 851 2
650 1839 14
2198 650 9
650 4374 5
650 4701 4
651 652 5
651 1304 3
651 1741 19
652 2372 10
652 2732 9
3726 652 6
652 5330 3
652 5856 9
652 5922 11
653 654 15
653 5763 4
1423 654 9
3363 654 2
655 1657 2
2508 655 19
2936 656 4
657 1339 11
1710 657 13
658 2926 4
1486 659 5
2388 660 20
5745 660 11
661 1190 13
661 2869 8
1343 662 10
2481 662 6
671 663 12
663 704 6
666 4352 8
667 707 11
1427 667 12
667 1525 10
668 730 12
827 668 15
668 1298 2
1449 668 15
668 4706 20
670 1482 1
863 671 2
671 1382 4
3614 672 12
5276 672 12
673 831 2
3302 673 8
4176 673 8
946 674 22
674 1007 20
1378 674 3
675 700 20
1058 675 15
2181 675 22
675 5769 14
1019 676 10
3569 676 12
5284 676 8
5667 676 2
678 1293 13
678 3045 9
678 3148 6
3520 678 15
679 1424 3
1560 679 5
680 869 11
1059 680 11
680 1269 16
1338 680 2
2993 680 4
3482 681 20
682 931 11
682 1111 12
4907 682 2
2919 684 11
684 5492 11
732 685 5
2663 685 21
3920 685 15
2226 686 22
2699 686 6
2343 687 4
687 2621 11
3530 687 7
688 714 12
2368 688 3
689 1005 12
2367 689 6
3825 690 8
5727 690 4
712 691 14
912 691 9
691 3095 4
692 2422 20
4262 692 8
4570 692 18
693 1824 8
694 1959 4
5359 694 4
953 695 2
695 1818 14
4230 695 3
695 4346 12
696 745 7
696 870 7
1275 696 1
698 4594 19
1462 699 12
700 3546 1
4473 700 8
1702 702 4
702 2540 11
702 5337 9
1272 703 22
703 2587 7
703 3922 9
704 1630 17
1237 705 11
705 1472 8
913 706 17
1042 706 10
711 708 1
708 5455 10
723 709 4
750 709 11
1596 709 1
908 710 5
1923 710 10
711 821 9
711 2110 8
712 1001 3
712 1847 5
712 2026 20
713 833 12
713 916 1
3894 713 11
713 4012 20
714 2351 4
3152 715 4
715 3637 2
715 3880 12
715 4604 10
760 716 23
1188 716 10
1784 716 22
716 2908 1
716 4731 22
5767 716 8
717 2749 16
3727 717 10
1067 718 8
976 719 11
719 1119 10
1202 719 6
2267 720 22
1734 721 5
721 2666 9
1693 723 11
724 1108 9
4897 724 5
725 1552 10
725 1810 21
3913 725 11
725 4967 3
725 5747 6
726 1274 17
1443 727 15
727 1958 12
727 3988 20
971 729 23
1297 729 2
4142 730 18
731 1143 1
1491 731 22
731 4305 15
732 1128 8
2004 732 9
732 3758 10
879 733 6
1317 733 2
5882 733 9
734 1559 12
734 3000 19
735 3912 3
1504 736 10
736 2954 12
736 2973 3
736 4358 17
771 737 3
737 3952 3
4099 737 11
836 738 10
2108 738 8
739 904 14
739 939 11
739 1787 10
1845 739 6
3679 740 11
740 3790 4
3984 740 1
741 2185 12
2461 741 23
742 1526 5
742 1609 13
2626 742 6
743 1445 23
744 966 9
744 2891 14
745 1217 5
746 2581 6
746 5219 14
989 747 8
2151 747 5
748 1252 5
749 1010 20
749 1659 7
4602 749 2
1956 750 11
750 4811 3
751 1386 15
1034 752 2
1129 752 4
1177 753 21
753 1771 7
785 754 2
755 986 14
2071 755 12
755 4312 4
756 2208 4
2402 756 17
3703 757 6
925 758 5
758 1498 10
758 2628 8
759 1156 6
3490 759 10
759 4432 4
2606 760 3
3409 760 17
760 4664 11
761 2527 10
762 1541 2
764 1321 23
1068 765 23
765 2105 12
1722 766 14
768 934 7
775 769 10
769 3338 23
1316 770 14
770 3870 12
770 4838 11
906 771 12
771 1036 2
771 1185 10
771 3371 2
1131 772 11
772 1474 9
772 1978 21
772 2001 18
772 2808 8
5600 772 3
773 817 8
1655 774 3
2646 774 14
775 1966 1
776 1349 12
776 1708 1
1838 776 4
776 4107 12
777 1057 5
2260 777 11
778 2401 5
787 779 12
1055 779 14
1117 780 1
780 2040 11
3754 780 4
845 781 12
781 2278 10
2915 781 10
2709 782 6
783 842 6
783 1168 9
783 4049 7
4697 783 5
783 4797 11
830 786 6
974 786 6
2478 786 5
2552 786 10
786 3762 9
5308 786 8
787 888 6
787 3481 8
788 820 10
788 4073 17
4991 788 9
3741 789 16
789 5540 4
815 790 7
790 927 4
2073 791 7
791 3643 6
2085 792 2
793 1768 7
3504 794 5
795 803 6
812 795 16
795 4136 8
795 5447 3
5836 795 13
796 1151 6
796 1697 2
796 3105 11
797 1018 8
3030 797 10
1837 799 12
2489 799 6
799 4145 16
1562 800 10
800 1767 10
801 816 2
862 801 3
814 802 2
864 803 19
803 5186 2
804 938 2
804 1152 4
804 4371 8
805 2956 8
806 1368 1
3423 806 8
806 3992 11
2746 807 2
808 969 9
808 1144 8
808 2949 6
3672 808 21
3687 808 16
3702 808 3
808 3885 11
808 4256 3
979 809 14
1125 809 4
809 1469 11
809 2114 22
809 2665 11
3278 809 3
810 4683 5
810 5886 13
2827 811 8
3813 812 2
813 3034 17
814 837 9
1601 814 11
3583 814 21
815 848 6
815 1809 8
4837 815 1
816 2809 12
816 5352 5
817 5649 22
819 2789 12
1049 820 2
1739 820 1
820 1829 8
820 3673 23
821 1065 6
821 1324 21
821 1594 6
1919 821 1
822 1169 12
1995 822 10
1218 823 11
4026 824 10
825 2317 6
2997 825 18
2335 826 10
2426 826 5
2538 826 15
2562 826 2
827 1093 12
827 1356 1
827 5661 12
828 1611 10
2534 828 18
1140 830 12
1830 830 3
1887 830 8
831 1939 5
1106 834 13
834 2205 10
2882 834 1
1746 835 12
835 3962 1
836 1618 23
836 2428 17
3028 836 10
3058 836 8
3250 836 6
1732 837 11
837 2735 22
3503 837 6
856 838 1
3876 838 17
3224 839 10
841 2210 12
842 1061 10
842 1452 3
842 3567 5
990 843 9
843 1242 6
2580 843 20
4423 843 5
3305 844 12
846 1793 8
847 3038 1
847 3311 3
2307 848 10
849 3400 18
1496 850 12
5274 850 11
1196 851 20
851 4943 21
852 1326 6
1556 852 6
2281 855 4
2678 855 10
1633 856 18
2315 856 11
857 1712 8
857 5212 8
858 5436 21
859 2014 5
859 2068 6
2874 860 9
860 3724 5
862 1353 19
863 1796 5
1900 863 6
863 1963 5
2304 863 11
864 2755 11
865 2384 1
4122 866 22
5916 866 9
867 1162 12
867 2582 12
3299 867 5
867 5522 11
868 1257 3
868 2312 15
3888 869 21
870 1086 14
870 1571 6
2022 870 13
871 2515 1
3256 872 9
874 1528 9
1683 874 1
875 1231 11
1546 875 18
4385 875 8
876 882 23
1254 876 1
877 3298 4
1599 878 12
1493 879 1
1686 880 19
880 2160 23
880 3402 18
881 1763 2
2262 881 1
3069 881 9
1171 882 9
2632 882 19
3252 882 3
882 3760 4
883 1212 8
883 1602 9
981 884 4
884 1671 3
4188 884 7
884 5369 9
914 886 5
2706 886 11
4650 886 2
2820 888 6
5815 888 5
889 1968 7
4823 889 3
890 3106 8
890 4130 4
891 1930 6
891 3580 3
892 893 12
892 917 1
2579 892 7
892 3168 11
1256 893 4
894 1464 3
2996 894 8
894 3595 7
2135 896 2
896 3383 9
898 4801 21
899 1798 16
900 1172 10
2902 900 18
901 3031 4
902 962 5
903 1455 4
1529 903 15
903 1721 23
2988 905 5
906 3192 9
3326 906 14
906 3859 6
2618 907 9
907 2819 15
907 4729 2
908 5764 3
1056 909 5
4657 909 5
910 1688 3
2103 910 13
1114 911 7
3550 911 8
1436 912 7
912 3035 17
5525 912 8
913 2041 4
4232 913 6
5459 913 19
1072 915 11
2529 915 15
3816 915 12
915 5375 11
915 5679 1
999 917 16
917 1797 19
917 1940 19
918 3689 6
3251 919 1
5242 919 12
5719 919 5
920 3456 8
1063 921 2
2003 922 8
922 2076 5
923 1658 8
2007 923 3
923 4053 12
924 1206 19
2229 924 12
2347 924 1
2293 925 6
2442 926 3
926 2929 3
4277 926 5
985 927 6
1412 927 13
927 1738 3
2472 927 8
927 2684 17
3458 927 12
928 4474 13
929 1267 8
1334 929 14
929 1901 9
4008 929 12
930 945 8
931 2537 12
932 1115 11
1489 932 4
4329 932 6
949 933 10
1991 933 11
934 1167 21
934 2242 10
934 4064 23
1426 936 5
936 2696 7
2825 936 2
936 3372 5
937 2711 9
937 2821 3
937 4469 12
5617 937 6
938 3878 5
3537 940 20
941 1159 23
4643 941 5
1705 942 2
942 4925 1
942 5063 14
942 5385 11
4896 943 4
944 2440 9
945 1184 10
1350 946 8
1822 946 7
4121 946 1
4454 946 5
1180 948 10
1585 948 9
948 4065 1
1322 949 10
951 3898 3
952 1154 20
953 2060 8
955 4116 10
957 4864 19
957 5161 9
958 1064 5
959 1262 1
5297 959 11
960 968 4
960 2111 9
3698 960 10
3422 961 7
961 4663 2
1227 962 9
4538 962 4
1755 963 15
2042 963 23
3215 963 19
963 3705 11
5302 964 21
1097 965 11
965 3011 11
965 5446 6
1123 966 2
1503 966 1
967 1078 22
1145 968 9
968 3665 15
5388 968 10
1903 969 4
969 2090 4
969 2644 10
971 1711 11
1971 971 9
1819 972 11
5256 972 7
973 1480 6
973 5024 17
1288 974 8
974 3613 10
975 1407 3
1408 975 16
3185 975 8
976 1126 7
1216 976 7
1649 976 6
976 2622 6
977 2583 4
977 5396 2
1215 978 5
1226 978 5
3548 978 8
979 3478 17
2290 980 8
980 3358 12
980 3777 12
5398 980 12
981 3998 3
981 5500 6
1030 982 22
1409 982 9
2593 982 19
4661 982 12
983 1572 11
2131 983 1
983 3683 13
1076 984 1
984 2033 4
2378 985 8
1112 986 3
986 2721 3
988 1665 6
989 4174 10
990 1003 21
3483 990 1
990 4608 3
991 2564 7
2147 992 20
992 2400 17
3114 992 1
992 3194 1
1615 993 16
1002 994 2
994 2698 9
1344 995 2
1509 995 4
1240 996 12
3160 996 8
3170 996 10
2458 997 13
998 1291 1
2832 999 2
999 5149 7
1882 1000 6
1000 3016 9
3979 1000 5
1000 5408 11
1490 1001 9
4446 1001 9
1002 1136 19
3197 1002 1
1003 2008 9
1003 3175 6
1005 1307 3
1005 3848 16
1446 1006 9
1765 1006 10
1006 1893 3
2072 1006 17
2448 1006 18
2607 1006 1
3675 1007 8
1433 1008 1
1008 3900 9
4043 1008 5
1009 1183 6
1232 1009 7
3001 1009 12
1913 1010 3
1010 2134 6
1259 1011 12
1011 4278 8
1012 1645 1
5018 1012 21
2983 1013 2
4545 1013 10
1013 5448 16
2462 1014 11
3734 1014 7
1014 4655 11
2692 1016 20
1620 1017 9
1018 1142 21
1018 4981 18
1019 1160 8
1385 1020 14
1022 1802 9
1197 1023 13
2020 1023 12
4020 1023 2
2417 1024 13
2545 1024 6
1025 3433 17
1122 1026 6
1362 1026 5
2360 1026 23
1026 2473 5
1026 4482 13
1027 1091 4
1027 1704 10
1027 4935 12
1029 1450 12
2575 1030 10
1030 3321 8
3845 1030 14
1031 1379 1
1032 1193 18
1946 1032 3
5229 1033 9
1034 3713 22
1035 1209 4
1299 1035 8
1035 1707 6
1035 4541 8
1037 2637 10
1038 1170 6
1952 1038 9
1040 1290 17
1040 1864 2
5223 1040 1
5536 1040 23
3332 1041 16
1041 3709 7
1042 1924 5
3525 1042 5
1182 1043 8
1555 1043 17
2514 1043 5
1044 5672 3
1045 2483 23
1047 1109 12
2610 1048 7
1048 3391 11
1048 3827 10
5251 1048 5
5495 1049 5
1050 1398 23
1869 1050 1
3685 1050 17
1775 1051 8
1052 2511 6
2187 1053 1
1053 3756 11
2470 1055 3
1055 2912 9
1056 1095 8
1473 1056 23
3995 1056 6
4069 1056 10
4349 1057 12
1121 1059 6
1059 1134 7
1059 1726 18
1060 1208 21
1735 1060 5
1933 1060 5
1061 2177 3
1061 3109 5
2077 1063 5
1064 1772 6
4046 1065 8
1536 1066 1
2233 1066 22
1066 3347 7
1067 2669 3
1067 4556 10
1068 1330 3
1068 1761 4
1435 1069 12
1069 4408 12
1070 1365 2
3334 1070 8
1176 1071 4
1860 1071 10
4296 1072 8
1305 1073 3
1628 1073 19
1635 1073 9
1074 5776 23
1075 1132 10
1075 1277 6
2457 1075 12
1075 2524 1
2800 1076 17
1077 2012 17
1079 1751 14
1079 1825 12
3111 1079 4
3257 1079 6
4411 1079 8
1079 4627 12
3663 1080 7
1080 4437 16
4534 1080 7
1082 1302 2
2305 1082 19
2661 1083 4
4434 1083 4
1084 4095 12
1085 1110 8
1085 1674 3
1789 1085 5
1085 3781 2
3973 1085 7
4348 1085 10
1086 1194 4
1087 1294 4
1087 2935 16
1088 2695 8
3315 1088 22
1090 1701 2
1090 3333 1
3009 1092 16
1092 3494 19
1092 5194 5
1093 1175 8
1093 1465 2
1998 1094 7
1094 2302 21
2275 1095 5
1095 4860 10
1096 2319 10
3041 1096 18
3468 1097 1
1098 1975 9
1099 4505 15
1878 1100 3
2249 1100 10
2467 1101 21
1102 2501 6
1104 1576 6
2166 1104 7
1105 1347 1
1105 3301 3
2083 1107 12
5559 1107 1
2124 1108 23
2967 1109 7
1109 5833 7
5544 1110 5
2006 1111 23
1192 1112 11
2910 1112 1
1112 3283 2
1640 1113 9
1889 1113 9
1113 2240 22
3188 1113 7
1115 1969 6
1116 1406 6
1728 1116 8
3379 1116 9
1116 3818 5
1117 1514 11
1117 5645 7
1118 1591 2
1120 1648 10
1799 1120 19
1120 3555 23
1428 1121 12
5346 1121 8
1122 1475 23
1122 1551 4
1861 1123 6
1123 2237 13
1126 1600 20
1833 1127 7
4201 1128 10
1128 4904 23
4235 1129 19
1130 1211 5
1130 1243 3
1387 1130 4
1430 1131 11
3293 1131 10
1263 1132 15
1132 1758 5
4842 1132 3
1478 1133 7
1133 3121 16
1134 3539 5
2763 1135 3
1136 1477 18
1136 4223 12
5113 1137 9
5729 1137 21
1138 1402 18
2204 1138 2
2294 1138 4
4056 1140 9
1141 2405 10
3141 1141 4
1248 1142 8
1142 2270 2
2839 1142 4
2977 1142 12
1143 2318 9
1143 4452 14
1144 4217 12
1146 4354 12
4901 1146 1
3853 1147 3
1150 2340 3
1150 4037 8
1151 1201 7
1261 1151 21
1151 5040 1
1152 2357 22
1152 4727 14
1154 2217 14
4732 1154 9
1286 1155 6
1155 1827 3
1964 1155 11
1156 1315 7
4630 1156 3
1157 3928 9
5873 1157 5
1158 1632 15
3376 1158 11
1336 1159 19
1437 1163 2
1664 1163 13
2435 1163 6
3323 1163 3
1165 4379 7
1165 4380 3
4384 1165 17
1166 1200 16
5430 1166 21
1167 5878 7
1168 1337 2
1718 1168 3
2652 1168 11
1168 3395 10
3591 1168 6
1168 5517 13
1169 3166 12
1169 3463 10
1170 2931 15
4115 1172 5
1172 4123 2
1172 4328 11
1172 5144 21
1173 1943 14
1173 3642 10
1268 1174 9
1174 2258 9
4987 1174 5
1174 5307 2
1175 1937 8
3835 1175 4
1404 1176 12
1176 1511 22
1176 1848 20
1176 2057 22
1558 1177 4
3618 1177 6
1198 1178 23
1258 1178 1
2133 1178 5
3295 1178 7
1179 2027 4
1180 3345 9
4089 1180 4
2248 1181 13
1181 4342 20
5070 1181 14
1899 1182 8
1458 1183 2
2551 1184 20
1184 2679 9
3182 1184 15
1184 5111 16
1694 1185 13
1185 3843 8
1425 1186 7
1186 1466 9
4561 1186 2
1186 5077 14
5395 1186 17
1187 1760 1
3225 1187 22
5774 1187 23
1955 1188 5
1189 1791 2
1189 5081 2
1416 1190 13
1190 1928 4
1190 2314 11
2429 1190 15
5068 1191 8
4450 1192 6
4323 1193 2
1333 1194 3
1194 3139 3
3908 1194 15
4063 1194 6
5528 1194 23
1195 1844 6
1195 2526 10
1196 1270 15
2953 1196 15
4085 1196 10
1196 5631 21
1197 1348 6
4865 1197 21
2174 1200 6
1200 2898 19
1200 4675 6
1201 1779 2
3517 1201 6
2021 1202 6
1202 3081 9
3270 1202 2
4459 1203 10
1204 2822 16
1607 1206 8
1207 4154 5
1208 2566 1
4589 1208 1
2685 1209 8
4844 1209 14
5524 1211 3
1476 1212 7
3447 1212 13
1213 2201 8
1215 1786 6
1215 2173 12
1215 3449 1
1314 1216 9
1216 2536 17
1216 3649 5
1216 4817 10
1961 1217 7
4461 1217 18
1218 3545 9
4439 1219 2
2097 1220 3
4572 1220 22
5355 1220 12
5629 1220 8
1222 5644 13
1223 1907 13
1223 2039 2
1223 4038 6
2946 1224 2
4743 1224 1
1227 2391 18
1227 3622 8
1229 2285 10
1229 5415 9
1231 2338 9
1231 5665 2
1232 1241 3
1910 1232 11
1672 1233 6
1234 1681 14
1235 1506 11
3938 1235 14
1236 4783 1
1236 4956 12
1236 5819 10
3003 1239 18
1240 1714 3
1241 4151 11
1871 1242 20
1242 3408 12
5506 1243 8
2390 1244 7
4006 1245 11
1246 3874 2
1247 1364 22
1247 2098 17
1247 3267 3
3960 1247 18
1573 1249 16
1249 3411 17
1250 1666 8
1250 1744 10
1250 2255 23
1340 1251 18
1251 2498 8
3830 1251 23
4973 1251 8
1252 3360 7
1252 4914 15
1492 1253 1
2359 1254 12
1709 1255 12
3381 1256 20
1256 4689 17
2306 1257 6
2799 1257 1
2409 1258 9
1258 2905 8
1706 1261 2
1263 1508 1
5159 1263 8
1341 1264 6
1265 1303 1
1265 1516 7
3071 1267 11
1267 4693 7
1267 4752 10
2048 1268 9
1268 2943 7
1268 5561 9
1270 1515 5
1271 3682 4
4585 1271 9
1729 1273 10
4605 1273 3
1274 5775 8
1275 5064 11
5340 1275 5
1276 1736 14
1806 1278 1
2234 1279 20
2932 1279 21
1279 4435 22
4998 1280 14
1281 1439 2
1281 1522 11
1282 2975 8
1282 4609 3
1342 1284 2
1285 1548 4
2712 1285 22
1286 2330 17
1286 3176 22
1286 4614 9
1286 4682 5
1287 1565 10
1287 4560 8
2425 1288 2
1288 5176 16
1288 5618 11
5317 1289 6
5694 1289 3
1394 1290 6
1290 4535 6
1454 1291 18
1291 4431 3
3216 1292 8
1292 5379 15
1512 1293 17
1687 1293 3
2918 1293 12
1318 1295 5
1380 1295 1
1481 1295 1
1295 5233 12
1298 1392 5
1298 1457 3
1299 1575 5
2849 1300 11
1300 4269 19
1873 1301 4
1301 3840 1
1431 1302 6
2154 1302 1
1302 3355 1
2397 1303 16
2451 1304 11
5002 1304 9
1305 1948 4
2199 1305 22
1306 3694 14
1335 1307 6
5685 1307 4
1374 1308 7
1308 1790 3
1309 2116 11
2640 1309 1
4669 1309 1
1310 1533 13
1310 1534 22
1518 1312 19
2629 1312 11
1313 3142 8
2951 1314 10
1358 1315 11
1315 5404 1
1316 2148 6
1487 1317 8
4389 1317 11
1318 2051 10
1319 1781 16
1319 1831 18
4767 1319 6
2786 1322 9
1322 2964 7
4559 1323 3
1413 1324 18
3067 1324 8
5120 1324 11
1324 5709 9
1896 1325 12
1325 3997 20
1328 1442 16
1328 1505 4
3010 1328 17
3253 1329 8
4114 1329 18
1330 1485 12
1973 1331 9
2694 1331 1
3759 1331 8
1333 1690 19
1866 1333 2
1863 1334 23
2265 1334 11
3492 1334 20
1334 5777 1
2899 1335 7
1335 3366 10
1336 1985 2
1336 4673 19
1336 5150 15
1337 1520 8
1716 1338 9
1656 1339 12
1879 1339 6
1339 3534 3
4908 1339 12
1742 1340 6
3803 1340 13
1341 2089 1
1460 1342 3
1343 3586 1
1344 2539 11
1345 1570 14
2636 1346 2
1347 3910 3
4221 1347 7
1535 1348 7
1348 1854 7
3465 1348 13
1349 2475 13
1350 2600 17
3708 1350 11
1352 4350 9
1352 5228 12
1353 2558 11
1356 1880 3
1448 1357 13
1357 2100 18
2381 1357 5
1357 4581 15
3515 1358 13
5417 1358 18
1360 1770 7
1360 2930 2
1360 4736 11
1362 5065 12
1366 4522 11
1367 2341 3
1367 3761 13
1368 5084 1
1850 1370 11
1370 5597 19
2297 1371 13
5714 1371 2
1372 1813 1
1932 1372 3
3261 1374 6
1374 3697 12
1916 1376 8
1376 5358 23
1377 2284 4
1377 5736 23
3007 1378 15
1378 4988 12
1605 1380 8
1984 1380 11
2115 1380 8
1381 1953 17
3606 1382 7
1383 1951 10
1384 4708 16
2081 1385 9
1385 5784 1
1389 1685 14
2171 1390 9
3094 1390 1
1391 1586 23
1872 1392 10
1392 4456 7
1438 1393 22
1393 1737 9
1393 2496 9
1393 3500 12
1393 5086 6
1795 1395 11
2767 1396 4
2227 1397 5
1397 4047 3
1397 4275 10
1398 3015 7
4250 1398 2
4629 1398 16
4938 1398 20
1401 1944 2
2195 1401 9
4635 1402 23
1402 5867 12
1403 1538 5
2196 1403 14
3115 1403 11
1527 1404 6
2645 1404 17
5236 1404 9
1405 3219 9
4798 1405 4
3019 1407 11
1623 1409 7
2776 1409 12
1409 3460 5
1409 4003 19
4539 1409 9
1410 3387 1
4949 1411 3
1543 1412 20
3661 1412 20
1414 2130 5
4651 1414 8
1415 1619 6
1415 3331 10
4105 1416 4
5891 1416 3
2803 1417 2
2945 1418 5
3227 1418 7
4367 1419 2
1420 3498 19
2035 1421 2
3232 1421 10
1421 4248 12
4132 1422 6
1422 5630 7
4504 1424 10
1425 2556 7
1426 1581 3
1427 1870 4
2206 1427 8
1427 3350 17
1428 5533 20
4158 1429 23
1444 1430 7
1915 1430 10
1430 4592 17
1431 1715 1
1431 2356 3
2807 1431 1
2452 1434 17
3476 1435 2
1435 3975 9
1624 1437 22
3615 1437 12
3950 1437 6
1439 1637 6
1439 1834 22
2019 1439 9
5875 1439 5
5817 1441 3
1622 1442 11
1442 2132 7
4341 1442 7
1443 2190 21
2595 1443 6
1443 3247 9
2955 1444 9
1447 2084 9
2101 1447 15
1447 4703 2
3085 1448 2
3464 1449 3
1450 2086 10
1450 2667 11
2966 1450 2
1450 4515 3
1451 3507 1
1452 1727 4
3239 1454 17
5601 1454 2
1455 1456 2
1457 1677 23
2771 1457 12
1458 4167 11
2087 1460 3
5746 1461 7
5670 1462 5
1463 2900 9
4856 1463 5
2717 1464 10
1614 1469 14
1469 5581 5
4103 1471 5
4891 1471 3
5835 1474 3
1475 5535 15
1476 4233 5
4963 1476 21
1477 2805 11
1479 5123 10
1480 3559 15
1480 5384 6
1481 1743 3
2274 1482 18
3312 1482 8
1483 4487 4
1652 1484 15
1486 2225 5
1486 2675 6
5726 1488 1
3677 1489 10
1489 4840 15
5612 1489 19
1679 1491 10
1492 1549 10
4577 1492 1
4799 1493 3
1494 1886 4
1496 1987 2
1496 2157 8
1496 2612 17
5218 1497 4
3060 1498 5
4530 1498 13
1499 3937 4
1500 1855 5
1544 1502 1
2096 1503 8
1503 2754 8
3735 1503 7
4177 1503 15
1503 4317 12
1629 1504 15
2933 1504 4
5488 1504 5
1505 2573 9
1507 1747 7
2525 1507 8
2670 1507 3
2172 1508 11
1508 2376 9
2944 1509 12
1517 1510 10
1511 1531 3
1511 2005 12
1512 5866 19
3026 1513 10
1515 2247 12
3046 1515 2
1516 2523 8
2282 1517 4
4313 1517 8
5589 1518 4
1519 3386 12
1519 5812 17
1520 2414 3
1521 3006 9
5209 1521 19
1522 2868 12
3134 1522 10
1522 5083 9
1595 1523 7
2434 1523 5
3370 1523 2
1525 4979 19
1526 4326 9
3174 1528 3
1528 5383 12
5698 1528 12
1529 1598 10
2320 1529 10
1529 2724 4
3582 1529 5
1530 1835 1
1531 3445 1
5003 1532 1
1990 1533 3
2998 1533 4
1534 1650 5
1534 2753 1
4563 1535 12
2276 1538 4
1538 3049 6
1538 4848 14
2194 1539 3
1539 2852 3
1541 2948 4
1542 3153 4
3699 1542 8
1543 3855 12
4784 1543 16
1544 1752 9
2055 1544 3
2093 1544 4
1544 3774 2
1804 1545 21
2433 1547 21
5463 1548 12
4192 1549 22
1922 1551 17
1551 2064 18
2578 1551 6
1551 2716 1
1552 2734 7
1748 1554 10
1555 1638 1
1557 2471 11
4980 1557 18
1558 2783 5
3140 1558 18
1558 3629 2
1980 1559 21
2505 1560 5
3484 1560 9
5324 1560 19
1561 1927 17
1563 1874 7
1563 2061 10
1563 2230 3
3008 1563 3
1563 4903 9
1805 1564 17
1564 1902 2
1564 2777 10
3986 1564 10
1566 2920 6
1885 1567 11
2245 1567 22
1567 4303 5
1920 1568 6
2324 1568 1
1568 4147 2
1568 5457 23
1568 5538 4
1570 2129 5
1570 2215 4
5843 1570 2
1571 1627 11
4246 1571 3
1616 1572 8
2548 1572 5
2243 1573 9
1573 2642 4
1573 4195 11
5513 1573 7
2420 1574 11
3965 1574 12
4238 1574 7
1575 2672 11
2708 1576 16
1576 5167 16
3565 1577 9
1578 1890 19
1580 1673 5
1580 3470 12
1960 1581 8
1585 1750 3
1720 1587 11
1587 2221 8
1587 2743 2
1587 3043 14
2814 1588 17
1588 3597 10
1909 1591 2
2374 1591 5
4899 1591 3
5323 1594 7
1595 2530 11
1595 3850 7
2641 1596 22
1598 5857 13
4855 1599 1
1600 2235 7
2387 1602 6
1603 1821 4
1840 1603 3
1606 3765 1
1607 1875 2
2676 1608 10
2865 1609 12
1610 2561 18
2288 1611 6
2332 1611 10
2179 1612 8
1612 4607 19
1613 1725 9
1613 3027 7
1614 3579 11
2211 1616 11
1617 1962 8
3300 1617 5
1618 4319 20
1619 3601 7
1619 4749 1
1620 1808 5
1622 1692 16
5303 1622 9
1623 1678 13
4096 1623 8
1941 1624 7
1625 2742 2
4741 1625 17
1967 1628 9
2345 1628 11
1630 3348 11
1633 2565 9
2824 1633 17
1634 1884 9
4086 1634 18
1635 2811 12
1635 5578 6
1636 4822 13
1637 1883 6
1637 2418 18
1637 3438 2
1637 4133 12
1698 1638 6
4553 1639 6
2032 1641 6
5794 1641 13
1643 1997 9
1643 2638 2
2773 1643 4
1644 1663 18
1645 4795 18
1646 2927 6
2355 1648 15
1649 1745 9
5412 1649 11
1650 1857 4
1650 4832 10
1651 2554 12
1651 2817 4
1653 2517 8
3435 1654 1
1656 1908 23
1657 3186 2
4045 1657 7
2212 1658 8
2469 1658 6
1658 2599 18
1836 1660 7
2348 1660 1
1660 3327 3
1660 5903 3
1661 2000 3
1661 4940 2
1662 4762 18
1663 4061 3
1664 2544 17
4057 1664 18
1665 1926 2
5098 1665 1
1667 5416 2
2844 1668 10
5666 1668 2
3604 1671 12
1673 1876 8
2062 1673 6
3207 1673 11
4828 1673 2
1677 5431 9
1679 4850 4
1680 1700 9
5594 1680 12
2106 1681 9
1681 5449 2
1682 2520 20
1682 4480 8
1683 3564 10
3602 1683 2
5442 1684 6
2342 1685 8
1685 4076 14
5221 1685 8
5871 1685 11
2030 1688 7
3401 1691 7
1693 3711 15
3424 1695 9
1696 1788 9
1696 3416 8
1696 4236 5
1697 2546 14
1697 3450 20
1698 1816 12
4185 1698 10
1698 5074 12
1698 5825 1
1700 5516 7
3750 1701 8
1701 4568 20
1702 2352 22
2555 1704 5
1708 2252 3
1921 1709 5
3846 1709 9
3101 1711 6
2337 1712 10
2256 1713 10
3365 1713 7
1714 3814 14
2604 1715 8
1715 4375 3
4287 1716 5
2484 1717 9
1718 2729 13
3513 1718 9
1718 4075 4
1718 5512 14
1719 3246 10
4878 1719 5
2823 1720 7
1720 4747 18
1817 1721 3
1721 4656 9
2913 1722 17
1722 2959 13
2094 1723 19
2897 1723 6
4611 1723 2
1724 3144 19
1724 4831 23
2144 1725 10
4213 1726 4
1726 4624 18
4700 1726 22
3048 1727 9
1727 3491 9
1727 5690 1
5504 1728 12
1730 4265 1
1732 1965 5
1877 1733 20
1733 4531 11
2078 1734 1
1734 2750 5
4709 1734 6
1734 5156 1
1735 2046 12
2866 1735 3
4048 1735 21
2354 1737 8
2156 1739 11
1739 2976 10
1739 3068 3
3700 1739 20
1740 3688 1
1740 4289 9
1741 3881 15
1742 3220 3
1744 2395 9
2128 1746 2
1746 2528 17
2541 1746 7
1746 3412 3
3161 1747 11
1749 3245 21
1749 3275 22
1751 1989 23
1752 5067 17
1753 3191 8
2263 1755 19
3720 1755 11
4902 1755 3
1755 5569 7
1757 3536 2
1757 3625 11
4111 1759 11
5072 1759 8
1759 5321 12
2962 1760 1
2591 1761 2
1931 1762 17
1764 3547 22
1764 5169 8
1766 3985 13
4307 1766 5
1767 3004 10
1768 1826 3
2917 1768 14
1770 2758 4
1770 4951 15
1773 2585 8
1775 3475 1
5061 1775 1
1777 2079 1
5313 1777 5
1778 2784 2
2444 1779 3
1779 3573 2
4023 1779 2
2720 1780 3
1780 4521 8
5214 1782 10
5440 1782 5
1783 5257 9
1784 2494 8
1784 3940 11
1784 5110 14
2453 1787 8
1788 2383 6
3857 1788 8
1788 5792 3
1789 2136 2
3620 1789 3
3631 1789 3
1790 2053 22
1791 2034 22
3184 1792 11
3968 1792 17
1793 2766 15
2702 1794 1
1794 4562 23
1795 3244 1
1795 5112 18
1796 3107 4
1796 3172 7
1851 1797 9
1912 1798 5
1798 2718 2
4511 1798 5
4898 1798 9
1799 2796 1
1799 3851 11
1801 2634 12
1802 1811 6
2436 1802 1
1802 5275 8
5705 1802 2
1803 2189 23
1804 2150 15
1804 4339 6
1805 2506 15
2145 1806 9
1806 3208 2
3272 1806 5
1807 5542 3
2025 1808 7
1808 2764 3
2875 1808 14
4871 1808 3
5099 1808 8
2441 1810 7
1811 1949 18
1811 3671 6
4036 1811 2
1812 4164 5
1813 1862 21
4787 1813 11
1813 5795 9
2178 1814 17
2485 1814 11
2979 1814 23
1814 4495 6
1816 2369 5
1816 2942 22
1816 4267 6
1817 2155 11
3996 1817 7
1818 5508 3
1925 1819 6
2029 1819 2
2271 1819 5
1819 3451 15
1819 4615 6
1821 1906 6
1822 2477 6
1822 3889 3
1823 3712 11
2104 1824 21
1824 3886 3
2092 1826 16
1828 2143 11
2279 1829 1
1830 3959 21
4791 1830 9
1831 3200 12
4274 1831 22
3797 1832 3
1832 4523 9
1833 2450 8
2487 1833 21
3086 1833 11
1833 5318 9
1837 4428 10
3233 1840 6
4825 1842 9
1843 2286 17
1845 2437 6
1845 4619 5
1846 3061 12
4955 1846 10
1846 5060 4
2830 1847 9
1847 5322 5
1847 5482 3
1894 1848 1
1848 2259 17
1849 2810 13
1849 4288 5
4171 1850 3
1852 2459 10
3340 1852 8
1852 5199 7
2877 1853 6
2690 1854 23
1855 2365 16
1855 2589 4
5439 1855 12
3558 1856 6
2560 1859 17
1859 4810 5
1859 5421 5
2474 1860 10
4098 1860 7
1864 5215 6
1864 5674 6
1864 5738 13
1867 2310 1
1867 2349 11
1868 2193 5
1868 2416 4
1869 2816 3
1870 4413 12
5896 1871 4
4197 1873 21
1873 5635 3
1875 2138 12
2605 1875 2
1877 2119 1
5196 1877 13
2325 1878 12
1878 2415 1
1879 5319 7
1881 2292 9
3419 1881 6
4622 1881 13
1882 4178 17
2333 1883 11
2427 1885 4
1885 5165 7
1885 5804 5
2016 1886 6
1886 2597 8
1886 3337 21
1887 2689 5
1887 5109 12
2722 1889 3
2978 1889 5
3592 1889 9
1892 4612 2
2658 1893 13
2207 1894 5
4477 1894 1
1895 4016 12
1897 2970 3
2563 1898 7
1898 2862 23
4155 1898 3
5027 1898 1
5333 1898 5
1901 4017 10
1983 1902 6
1902 2117 12
1902 2704 11
1902 4120 1
1904 3487 2
1905 1938 20
2052 1909 6
1909 2921 1
1909 5341 9
1910 2941 17
1910 5354 16
1911 2952 1
1911 4137 4
2985 1912 7
1913 5877 1
2137 1914 21
1915 2379 4
3493 1918 11
1919 4493 6
4974 1920 12
2058 1921 12
1921 3151 3
1921 3872 2
2479 1922 22
3205 1923 3
1925 2067 2
2787 1926 20
1926 3521 18
1927 2608 8
4388 1927 12
2298 1928 3
1928 4062 13
1932 3488 10
3701 1933 18
1933 4362 12
1933 4574 1
1934 3290 4
3612 1935 15
3328 1936 11
3951 1937 1
1993 1938 9
2203 1938 2
3392 1938 3
1938 3834 3
1938 3980 22
5350 1938 21
1941 2222 6
1941 2725 8
1941 5731 12
3089 1943 11
3309 1943 10
2571 1944 3
4172 1944 1
1945 3795 8
1946 5595 3
4224 1947 14
5243 1947 13
1950 2392 5
2466 1951 23
1951 4911 8
1953 3079 6
1954 3344 5
4889 1955 8
1956 2421 8
1957 2512 9
1958 2023 5
5622 1958 5
3926 1959 4
4314 1959 10
1960 2149 8
5059 1960 14
1961 2139 16
2843 1961 11
1962 4276 10
2859 1963 10
4129 1963 6
5609 1964 16
3120 1965 5
1966 2088 10
1966 2649 2
1968 4440 16
4814 1968 3
1969 3054 5
2002 1970 5
1970 4977 7
1973 2244 4
1973 5663 7
1974 2045 18
2994 1975 11
4824 1975 3
1977 3815 4
3502 1978 6
1981 5114 17
1983 3306 7
1984 2521 2
3277 1984 22
3056 1986 8
1986 3108 6
1987 3073 21
1990 4028 10
2167 1992 9
4503 1994 12
3336 1996 2
1996 5888 22
2069 1998 11
3747 1999 13
4005 1999 9
5125 1999 21
2000 2974 15
2001 3091 9
2003 3021 1
2003 5657 1
2005 3882 2
2005 4419 6
2007 3784 14
2009 2389 12
2894 2011 7
2775 2012 1
2012 3037 11
3179 2013 22
2028 2014 3
2014 3630 1
2015 5445 17
3248 2016 13
2016 3804 6
2016 5502 3
2017 2037 10
2017 3574 11
2018 2049 6
4726 2018 1
5566 2020 3
4113 2021 9
5505 2023 5
2025 2890 7
3967 2026 10
2027 2326 14
3289 2027 17
2028 3102 4
4997 2028 5
2099 2029 4
2872 2029 15
3641 2029 1
2030 4686 7
5898 2031 4
2238 2033 5
5703 2034 6
2036 2535 11
4569 2037 11
2054 2039 2
2040 3238 3
3970 2040 11
2040 5790 8
2042 4933 18
2590 2044 8
2044 3258 17
2049 3963 6
2050 3128 6
2050 5818 7
2683 2051 1
2051 3511 9
2845 2053 9
2053 2854 2
3961 2053 13
4851 2053 3
3978 2054 20
4884 2054 1
2055 3271 11
2055 3927 22
4331 2056 17
2057 2394 12
2057 5009 21
2058 4800 7
2059 4876 21
2059 5454 6
2059 5465 4
2061 4484 8
2063 3145 5
4394 2063 6
2878 2064 11
2650 2066 4
4301 2067 16
2068 5128 7
2068 5272 8
2069 3155 1
2070 3538 18
2073 4565 15
2074 2792 2
2074 3522 5
3943 2074 4
2074 4091 1
4812 2074 6
2076 3600 5
2076 5043 5
5707 2076 6
3072 2077 19
2078 4196 4
2078 5237 3
2078 5755 6
2627 2082 11
5917 2084 10
2085 3831 19
2085 5213 2
2088 4231 12
3535 2089 4
2092 3716 22
2093 3527 6
4861 2094 8
4873 2094 5
2095 5139 2
4654 2096 6
2097 3149 7
2098 5181 13
2099 2617 4
2099 5048 10
2687 2102 9
3800 2102 1
5066 2103 8
3173 2105 1
2105 3418 10
2105 3533 9
2105 4976 18
2106 2616 9
2106 3842 6
2106 5531 7
5652 2106 15
4093 2107 16
2108 2480 10
2108 3676 9
2152 2109 12
2812 2112 12
2113 3404 12
2113 3461 11
3617 2113 23
2114 2863 12
5545 2114 8
3025 2116 4
2118 2879 8
5798 2118 11
2119 4875 6
2120 2651 7
2120 3177 9
2122 3276 22
4406 2122 18
2123 3873 7
4409 2124 6
2125 4639 11
3262 2127 8
2128 2647 3
2128 5269 12
2129 3779 3
2741 2130 3
2130 3420 13
2131 4084 2
2131 4874 1
2131 5016 11
2132 4210 3
2133 2958 23
2135 4273 1
2138 2497 1
3218 2138 8
2139 3171 7
4101 2142 5
2144 2253 7
5190 2144 1
2146 4351 9
2219 2148 19
5247 2148 12
5664 2148 14
2960 2149 4
2149 3954 11
2150 4081 7
3123 2151 23
2152 4652 6
2153 2273 10
2598 2154 15
2280 2155 11
3204 2155 23
2155 3265 3
2156 3974 7
2303 2158 3
2834 2158 8
4543 2159 11
3442 2160 5
3563 2160 16
2164 4150 22
2503 2165 14
2165 5728 11
3428 2166 21
3196 2167 2
2861 2168 3
2171 3669 22
4492 2171 6
5082 2171 23
5902 2171 6
3180 2172 11
4220 2172 4
2289 2175 12
2224 2176 11
3330 2176 4
4644 2176 7
2179 3304 6
2179 4391 22
4744 2179 20
2180 2574 16
2182 2841 7
2182 3982 7
2183 2423 3
2183 3865 12
2662 2185 14
2186 5345 10
5884 2186 22
2499 2188 22
2188 5472 11
5823 2188 6
3417 2189 11
2241 2191 8
4476 2191 14
2192 2883 22
2828 2193 5
2194 3378 17
5107 2194 3
4199 2196 2
2198 4781 5
2299 2199 11
2200 3506 4
2232 2201 4
2202 2633 5
2202 2671 10
4517 2202 8
2203 2737 1
4471 2203 5
3444 2205 11
2205 5791 11
3014 2206 12
2207 3214 21
2209 3497 17
5335 2210 8
5208 2212 2
2215 3866 8
2216 2300 1
2407 2216 12
2216 3373 6
2218 3529 8
3864 2219 9
2220 4642 1
2221 2246 9
2584 2221 11
2221 5052 15
2224 2991 5
2225 4830 22
2611 2228 8
3078 2228 6
3279 2228 22
2234 5658 9
2234 5758 12
5551 2235 5
2237 2269 2
4058 2239 5
2240 3793 12
2240 5014 7
4847 2242 1
2243 2456 1
3718 2243 12
2244 4018 5
3138 2245 6
2245 5887 11
2247 3314 4
3462 2248 10
2250 5191 4
5605 2250 12
2268 2252 21
2254 2373 1
2254 3361 19
4327 2255 1
3719 2257 19
2257 5770 12
3077 2258 6
2258 4591 13
2264 2262 2
2361 2262 4
2263 4596 5
5085 2263 5
2329 2265 4
2411 2266 9
2266 2710 8
2267 5799 15
2268 3751 7
2268 4631 4
4097 2269 22
2271 3594 7
2271 3909 1
2594 2274 6
2885 2276 16
3657 2278 4
2279 2601 9
5473 2281 10
2282 2873 17
2284 2588 11
2286 3092 10
2286 3581 4
2287 4638 10
5695 2287 6
2289 4390 8
4755 2289 5
2290 2358 2
5908 2290 6
4995 2291 10
3254 2292 3
2895 2293 9
2293 3434 6
2293 4162 7
2295 4464 23
2296 2445 12
2300 3714 10
4320 2300 12
2301 2648 5
3377 2302 4
2302 3737 2
3849 2302 21
2840 2305 4
2305 3717 9
3748 2307 3
4576 2307 19
2549 2308 1
5552 2311 9
2313 4169 6
4266 2313 1
5688 2315 1
5259 2316 4
2317 3505 11
2317 3906 2
2317 4011 12
2318 2577 22
2318 4819 14
2320 3485 11
2439 2323 22
2990 2327 3
2609 2328 14
2614 2328 6
3987 2328 1
2328 4229 1
2329 2653 1
2795 2329 10
2330 2353 11
2331 2630 14
2331 5347 7
4335 2332 2
2333 3455 4
4031 2333 3
4597 2333 13
2333 4696 19
2542 2339 18
2342 4263 12
2344 2768 16
3993 2345 2
2346 3429 3
3788 2346 3
2346 5171 6
2691 2348 4
4468 2348 16
2349 2449 7
2349 2826 11
2349 4293 13
2349 5301 6
4414 2350 17
3805 2351 11
2351 5497 9
2353 5260 6
2355 3162 1
4347 2356 1
2831 2357 5
2357 3322 2
2359 5919 10
2360 2476 2
2982 2362 1
2362 3512 6
2364 2410 1
2364 2447 6
2971 2365 16
2813 2366 12
2367 2377 1
3052 2367 17
2838 2369 11
2369 4885 11
5371 2372 4
2373 5134 22
2373 5489 7
2374 3477 10
2376 4090 22
2376 5713 6
2377 5288 18
3730 2378 2
2378 3749 2
2398 2381 8
2686 2382 5
3822 2384 4
2992 2387 9
2871 2389 8
4475 2391 1
2392 3198 18
2393 5487 7
3287 2400 12
4030 2400 10
2401 4719 1
2402 2965 13
4730 2402 9
2730 2404 23
2407 2518 6
3638 2407 17
4108 2407 2
4215 2407 11
2408 5717 3
5826 2408 2
3356 2409 3
2409 3421 23
3589 2411 5
2412 3230 7
2414 4399 11
2415 5093 16
4227 2416 5
2613 2418 5
2418 4321 22
2419 2510 4
2419 3770 12
4462 2420 12
2420 4625 20
2421 2507 9
4180 2421 9
2421 5433 3
2422 3090 17
3655 2424 17
5402 2425 8
2426 3163 3
2426 4718 12
2428 2774 1
2433 3241 1
2433 5344 4
2756 2435 11
2435 3203 5
2436 5624 11
2438 3164 4
3405 2440 6
2509 2441 6
3789 2442 11
5292 2443 3
2444 3810 1
5090 2447 14
2449 5438 13
2806 2450 15
4131 2452 18
5723 2452 4
2453 5365 9
2455 4258 12
2842 2457 8
2457 5593 9
2744 2459 6
5699 2460 5
2462 4833 13
2463 2656 2
5189 2463 19
5092 2465 10
2468 2715 3
2468 4228 14
2673 2472 12
3394 2472 11
3509 2473 20
2477 4292 4
4438 2478 10
2479 2596 8
2479 3110 21
2480 4982 3
2482 2853 3
2483 2543 11
5206 2485 9
2488 3024 2
4198 2489 8
2493 2492 1
2495 3812 7
4404 2495 18
2497 5660 20
2499 3167 10
2500 2922 12
2502 5842 5
2664 2505 1
2506 4449 4
4344 2508 5
4583 2509 5
2510 3285 3
2510 5124 13
3496 2511 11
2736 2514 2
2516 4587 5
2517 3349 12
2518 4425 23
2523 3593 19
5041 2524 15
4757 2525 8
2526 2619 10
2526 5100 15
5587 2527 8
2529 3231 5
2529 3786 5
2981 2530 12
2530 3440 18
2530 3443 6
3540 2531 20
2531 4595 8
2531 5356 3
2533 5669 4
2928 2534 8
2534 4946 2
2535 3341 3
2538 2781 11
5708 2539 10
2857 2540 1
3823 2541 1
4027 2541 3
2545 2790 8
4714 2545 17
5205 2545 21
3768 2547 15
4401 2547 8
2549 3217 8
2549 4398 21
2549 5168 8
2837 2551 2
2552 2893 8
2554 3508 1
2836 2555 2
2779 2556 13
2558 5146 12
2559 3013 8
5494 2559 10
2561 3769 2
2562 3354 23
3165 2564 4
3124 2566 9
2566 3634 22
2568 2674 1
2984 2568 8
2568 3159 11
3773 2570 14
5250 2570 5
5153 2572 11
2573 4996 21
2747 2575 22
2576 5426 9
2577 4336 10
2578 2657 6
2578 2726 2
3680 2579 18
2583 4357 15
3399 2584 10
2584 3826 16
4415 2586 6
2587 4360 6
2588 3955 13
2590 3202 8
5263 2590 23
5684 2592 11
2592 5732 7
2815 2593 1
2701 2595 5
3723 2595 6
2595 5476 11
2595 5583 1
3664 2597 3
3862 2598 4
5044 2598 7
2924 2600 6
4447 2604 3
2604 4613 10
4211 2605 3
2606 2765 9
4429 2607 11
3211 2608 17
4758 2608 19
2609 4364 7
4279 2610 22
2615 3116 19
4139 2615 3
2617 5628 3
2618 2643 3
2620 3425 12
3097 2621 10
3745 2621 11
2622 4268 1
2623 5503 19
2625 2923 22
2627 5571 9
3919 2628 10
2629 5309 13
4868 2630 7
2968 2631 1
5743 2631 6
4829 2632 6
2633 2835 7
2633 3706 2
2633 5468 1
2638 4353 6
5894 2639 13
2818 2640 6
2719 2643 19
2643 5104 9
2644 4989 1
2645 4356 13
2645 4707 5
2660 2649 8
3005 2652 12
3969 2652 5
2653 3088 5
2728 2654 16
4984 2655 19
3884 2656 4
2657 4964 4
5613 2657 12
2658 2864 7
2661 3616 16
5470 2663 5
2664 2804 14
2667 5625 12
4524 2669 11
4734 2669 12
4537 2670 16
5000 2670 15
2671 4054 4
2703 2672 18
4512 2672 6
5854 2673 2
2674 3346 12
2676 2785 12
2676 3143 7
3044 2678 9
2679 3397 7
2680 3032 4
4857 2681 6
2846 2682 9
2938 2682 6
3553 2682 11
4717 2682 6
2684 2980 19
2684 4334 16
2685 3132 7
2685 5406 10
2686 2858 10
2690 3917 8
5057 2690 10
2692 5225 23
3480 2695 8
2695 5058 5
2696 4163 6
2698 3441 8
2698 3752 16
2698 5282 9
3352 2699 1
4244 2701 14
2707 2702 21
3083 2702 11
2704 4969 1
2706 4410 17
2707 3066 1
3918 2707 2
2708 2911 7
2709 4052 10
2709 4712 12
2709 5131 7
4216 2712 4
2714 5177 12
3137 2716 11
2718 3541 3
2719 2986 1
4920 2720 20
4241 2721 9
4485 2721 3
3466 2722 9
2728 4187 20
4204 2728 23
2729 3575 8
4002 2729 3
4345 2729 9
2732 3696 6
4282 2732 1
5285 2732 20
5419 2732 1
3181 2735 5
2735 3738 6
5781 2735 10
4658 2736 3
2737 4042 10
2739 3398 4
2740 5515 2
2741 5563 12
2742 4152 12
2743 3255 8
2744 3897 1
2761 2745 9
3753 2745 5
2747 3154 3
2747 4070 2
3012 2748 1
2749 2757 5
4665 2749 5
5234 2750 11
2751 3022 3
3681 2755 10
2757 5013 3
2758 2762 12
3431 2758 2
2758 4444 2
2759 3206 18
3103 2760 5
2778 2761 3
2761 4939 4
4737 2762 8
2769 3624 9
4776 2771 1
3050 2772 2
2776 4149 11
2776 5847 3
3087 2777 20
2777 3335 4
5116 2777 7
2779 3222 7
3183 2782 4
2782 3658 10
2785 3731 3
2786 2904 12
2787 5897 10
2788 5675 8
3806 2789 18
2789 5222 3
2789 5874 7
2791 3659 1
2795 5816 17
2796 4807 12
3578 2797 5
2799 5080 7
4272 2800 11
4424 2800 8
5170 2800 21
3190 2804 3
4928 2804 3
3308 2807 11
2811 3828 4
2870 2812 13
5651 2815 9
2896 2816 9
2816 3053 11
2816 4024 20
2816 4950 6
5152 2816 9
2850 2817 11
2817 5556 23
4420 2819 11
4184 2820 11
3715 2823 8
2825 4777 4
4225 2828 10
2830 4533 2
2832 5227 6
5403 2837 21
2838 5484 9
2840 4316 14
4924 2840 10
2909 2842 9
4821 2844 10
2846 5204 14
2849 3362 4
4194 2851 18
2851 4966 9
2851 5824 1
3112 2853 6
2947 2854 17
2854 3501 17
2857 4547 13
4778 2857 6
5785 2857 4
2858 3158 3
2858 3568 22
3977 2866 21
4324 2867 12
4593 2867 10
2871 3607 15
3678 2871 16
2872 3966 1
2874 3479 4
4160 2874 18
4304 2874 5
2874 4677 6
2876 4193 3
3989 2877 12
2877 5576 16
2878 5424 17
2879 5621 23
5279 2880 9
2916 2881 6
3778 2882 4
2883 3146 4
3635 2883 13
2939 2887 1
3303 2887 9
4945 2887 23
2887 5126 11
4092 2888 11
4679 2888 2
5839 2889 12
3819 2893 14
2893 3875 2
2894 4370 9
2934 2896 5
2897 5639 14
5294 2898 17
3639 2901 12
2902 3452 3
2906 3029 11
3775 2906 1
5019 2906 5
2907 5245 8
2908 3692 7
3609 2913 12
3757 2913 12
2913 4393 4
4087 2914 10
2915 4667 2
2917 4479 12
2921 3660 1
2922 4852 6
2923 4029 12
2923 4146 6
5334 2924 12
2925 5079 4
4886 2926 4
2926 4929 5
2928 3269 5
2928 4306 8
3380 2929 6
2929 5678 22
4140 2931 12
3002 2932 22
4930 2935 1
4422 2937 10
2941 3838 18
4518 2941 22
2941 5901 6
2942 5062 8
5089 2942 8
2989 2947 19
3958 2949 8
3122 2950 15
4750 2950 11
2950 5757 17
2951 3566 11
4600 2955 2
2957 3721 1
4190 2959 5
2959 4548 11
2962 4299 21
2962 4552 12
2967 3896 4
3457 2970 8
5568 2970 12
2974 3324 12
3119 2979 9
5017 2979 12
5829 2979 4
4948 2980 5
2981 4919 20
3733 2983 13
3472 2988 2
2990 3415 14
4156 2990 23
2994 5481 9
3414 2995 17
3284 2997 5
2998 3939 2
2998 4395 9
2999 3055 20
3001 5863 7
3808 3002 11
4294 3003 3
3005 3281 15
5143 3005 4
3787 3010 16
3012 3516 9
3012 5680 4
3012 5771 2
3632 3014 9
3014 3644 9
3018 5051 8
5565 3020 13
3023 3811 19
3213 3025 22
3025 4463 15
3027 4571 2
3028 4923 11
4975 3029 2
3098 3031 9
3031 4616 10
4628 3031 11
3035 3817 20
3035 4245 21
3036 5119 7
5296 3036 20
5332 3036 7
4558 3038 3
3039 3907 8
3040 4000 1
3041 5342 9
3043 4378 22
5530 3043 9
3044 4586 11
3046 4383 2
3047 3280 14
5094 3048 23
3113 3052 5
3052 4580 22
3100 3061 2
3065 5157 19
3067 3902 13
4985 3068 4
3313 3071 12
3710 3075 10
3542 3077 1
3085 3118 10
4033 3091 14
5830 3091 2
3131 3094 1
3095 5203 7
3695 3098 5
3098 4566 22
3100 3296 3
5716 3100 12
3489 3101 18
3102 3385 23
3102 3799 2
3105 4816 19
4915 3108 7
3561 3114 9
3114 3904 2
4191 3114 15
3116 4699 11
3117 4501 15
3626 3119 8
4426 3122 11
3122 5905 21
3125 4526 5
3128 3226 9
4078 3130 3
3406 3131 5
3133 4467 11
3212 3137 11
3138 3557 5
3605 3138 2
3139 5428 12
3141 4509 8
5643 3143 7
4472 3145 21
3148 3627 3
3148 4050 15
3148 4648 3
3150 4226 11
3199 3155 8
3157 4634 7
3158 3223 11
3242 3158 1
3158 5239 2
3796 3159 10
3163 4170 3
5387 3163 7
3163 5759 5
3171 4264 1
5244 3172 4
4208 3174 3
3175 4168 11
3175 4680 4
3177 3588 8
3177 3905 12
3177 5575 9
3596 3179 8
3554 3180 2
3183 3935 7
3184 4088 7
3184 5893 10
5361 3189 23
3243 3192 22
3192 3736 10
5304 3196 3
3316 3197 15
3200 5458 5
4529 3206 11
3206 4746 9
4494 3209 3
3794 3210 3
4281 3211 12
3212 4035 12
3972 3214 6
3214 4337 7
3215 4322 6
3218 4373 3
4827 3218 19
3222 5572 5
3224 5197 7
3227 3393 8
3474 3227 6
5141 3227 10
3228 3576 12
5899 3231 12
3236 4890 17
3237 4720 22
5182 3237 3
3240 4972 12
3241 4134 20
3241 5509 12
3241 5539 12
3249 4119 6
3250 4809 14
5768 3250 11
4066 3252 15
3255 5266 11
3257 5701 6
4242 3258 10
3260 3369 9
3260 3728 4
4165 3260 23
5410 3261 11
3262 4936 16
3264 4858 9
3990 3265 11
4300 3268 10
3274 5692 4
3277 5608 11
5300 3281 19
3284 3956 7
3284 4670 1
3285 3744 6
3289 3783 22
3289 4759 2
3292 3290 5
4148 3290 7
3291 4932 5
3343 3295 13
3298 5744 5
3301 3413 1
3439 3302 10
3603 3303 5
4632 3303 3
3304 3847 5
3304 4711 4
3368 3306 11
5287 3306 1
5331 3308 9
3684 3309 8
5793 3309 8
3310 5425 7
4733 3312 8
4641 3314 2
3314 5604 1
4072 3316 12
3319 3930 18
4676 3323 12
3367 3334 20
5253 3334 7
4109 3337 16
3338 3584 6
5765 3341 10
5655 3342 6
5394 3346 23
3349 3407 4
3355 5647 12
3364 3891 1
4249 3365 2
3365 5783 4
5264 3367 11
3368 5741 12
3742 3370 23
3403 3371 18
5423 3373 20
3376 4118 20
3648 3378 6
5327 3379 1
3380 3941 6
3381 4735 6
4407 3384 19
3389 3686 11
4470 3390 2
5049 3396 21
5474 3396 10
4110 3398 7
3398 4542 11
3401 3531 8
4392 3401 5
3403 3807 20
4633 3403 1
3408 5586 21
3419 4618 8
4175 3423 8
3427 5478 1
3428 5202 6
3544 3429 2
3755 3430 21
4993 3433 8
3438 5200 15
3780 3443 5
3608 3445 5
4690 3447 6
5053 3449 15
3740 3451 4
3451 5620 4
3452 5485 20
3453 4355 16
3454 3571 9
3457 3653 5
3460 4978 21
3462 4478 11
3924 3463 13
4519 3463 14
5441 3463 9
4071 3464 10
4601 3464 11
4843 3465 2
3670 3466 4
3916 3466 12
3471 3883 6
4815 3472 5
3478 5599 1
4157 3479 11
3484 5025 2
3484 5519 8
3486 4765 1
3487 5271 4
4138 3491 5
4214 3491 8
3492 4723 12
3494 3860 20
3494 4774 14
3499 3776 1
4645 3499 3
3501 4051 18
3503 5733 9
4937 3504 23
4742 3505 9
3510 4359 5
3515 3628 19
3516 4894 9
3518 4872 20
3523 5087 6
3771 3524 4
4846 3527 15
3531 5429 5
5811 3532 7
4059 3533 9
3821 3534 2
4343 3534 3
4013 3538 12
3739 3541 5
5106 3541 10
3543 3674 17
3915 3543 5
4251 3544 12
4507 3545 13
3547 3868 4
5710 3550 4
5900 3550 9
3551 3933 10
3552 4599 6
3554 3945 12
3690 3557 13
4365 3557 2
3558 4255 10
3559 4826 18
3560 4550 5
3565 3901 8
5479 3566 2
3569 3691 3
3569 4034 3
3570 4694 6
3572 3782 6
3573 5715 3
3587 3581 17
4396 3589 16
4881 3591 10
3593 3746 6
3594 4290 9
3597 4803 1
3652 3600 12
4291 3602 14
3602 4692 23
3603 4926 2
5368 3604 12
4685 3610 11
3999 3611 4
3613 4702 18
5241 3613 11
5456 3616 9
3618 4789 12
3619 5432 5
3620 5230 8
3621 5179 18
3621 5493 7
4009 3623 11
3624 4007 19
3625 5039 3
3629 3654 12
3629 3879 18
3932 3629 3
5174 3629 10
5890 3629 1
3852 3632 15
5306 3634 12
3635 4491 8
5021 3635 22
3636 3693 12
3638 4260 12
3638 5869 8
3936 3639 5
3639 5397 22
3643 3844 22
3722 3644 7
3646 3645 15
3645 5853 18
3647 4082 10
5787 3648 9
3650 4315 9
5435 3654 9
3656 3802 12
4083 3657 9
3839 3658 6
5078 3662 11
4405 3664 9
3664 4621 9
4254 3666 6
3670 3707 5
4555 3678 8
4363 3681 4
3683 4261 14
3683 4490 4
3690 5015 8
5420 3693 15
3694 4332 9
4499 3696 20
4906 3697 12
3698 3858 12
5923 3699 9
4004 3700 1
3702 4019 12
4510 3703 1
3704 5132 4
3704 5220 7
3707 4032 7
3714 4687 1
3715 5443 7
5073 3717 22
5096 3717 8
4206 3719 5
5399 3719 6
5088 3722 14
3723 4527 2
3899 3725 6
5353 3725 12
3726 5224 16
4909 3727 15
3727 5499 12
4713 3728 17
4888 3728 6
5295 3728 12
3732 3976 12
3735 3964 8
4153 3736 3
3738 4104 2
4513 3738 13
3740 3911 10
3766 3742 8
3748 4959 1
3748 5920 12
3751 5231 1
3752 3861 17
3837 3753 15
4640 3754 5
3756 4021 12
4143 3758 4
3761 5532 4
3762 3871 8
3762 5838 7
5614 3766 8
3768 3801 1
5273 3768 8
3772 5118 1
5012 3775 8
5460 3777 10
3780 5689 6
4222 3781 1
3914 3784 11
3786 5659 16
4295 3787 9
4302 3792 7
4179 3799 4
3799 4466 14
5742 3799 16
3800 5720 20
4207 3802 6
4182 3803 13
3805 4867 3
3806 4786 11
3810 5452 2
3811 4173 4
3814 5766 5
4999 3819 21
3821 5311 2
5291 3824 7
3877 3825 12
3923 3825 16
3828 5376 4
3829 5760 7
4942 3831 12
3835 5724 7
3836 5786 23
3837 5573 3
3838 4128 6
5158 3840 4
4247 3842 19
5030 3842 17
4753 3845 3
3848 3854 20
3850 3869 23
4662 3855 12
4127 3856 2
3862 5377 12
3863 3946 6
3863 5477 12
5821 3867 11
3869 4684 4
5809 3869 10
3870 3981 16
4748 3875 16
3876 5737 11
5915 3876 4
3879 5010 9
4368 3885 16
3888 4606 13
5788 3889 5
5852 3891 6
4055 3894 13
3901 4427 1
3901 4457 16
4836 3901 3
5462 3912 7
3917 4745 12
4994 3920 11
3921 5570 6
5851 3921 5
3924 4284 1
4325 3924 16
4203 3928 20
4219 3931 8
3935 5610 7
3937 4590 15
4297 3938 12
3971 3943 12
4971 3945 2
5316 3945 7
3953 5603 9
4588 3958 6
3960 5035 12
5626 3960 7
5029 3964 19
5140 3967 8
4237 3968 23
4698 3972 8
4912 3972 8
3974 4234 16
5654 3974 4
4845 3975 7
3977 4298 14
3978 5413 1
3980 5467 3
3982 4953 10
3988 4617 15
5753 3988 3
3992 4001 22
3992 4564 9
5574 3997 4
4421 3998 15
4000 5555 3
4002 4636 19
4009 4010 4
4010 4578 12
5889 4012 10
4015 4144 2
4688 4015 7
5023 4019 12
5378 4019 1
5881 4019 20
4159 4022 21
4186 4028 20
4029 5870 7
4514 4032 9
4760 4034 6
4035 5095 20
4183 4040 3
4045 5069 7
4567 4046 12
5254 4046 23
4074 4050 9
4051 4135 2
4866 4053 4
5056 4053 17
5418 4053 7
4054 5638 13
4722 4056 7
4575 4062 18
4970 4062 4
5314 4063 21
4094 4066 7
5117 4071 19
4880 4073 13
4916 4074 11
5373 4074 11
5115 4076 4
5921 4077 10
4739 4080 7
4089 4403 11
4859 4090 2
5037 4092 1
4092 5163 7
4096 4441 9
4369 4099 5
5634 4102 6
4103 5343 3
5782 4104 18
4141 4111 1
5434 4114 21
4114 5862 12
4116 4453 13
4117 5255 4
4122 4376 10
4127 5022 2
4130 4740 3
5450 4131 23
4137 5646 2
4148 4209 18
4554 4149 13
4151 4502 13
4151 4957 21
4157 4445 8
5841 4168 4
5004 4171 22
4176 5005 9
4834 4177 2
5721 4177 14
4488 4182 8
4763 4185 1
4417 4189 11
4412 4191 2
5232 4191 4
4990 4194 11
5380 4194 2
4853 4196 22
5527 4199 1
4430 4201 13
4209 4532 9
4222 5751 7
4271 4223 4
5411 4226 5
4227 4721 9
4863 4228 1
4646 4232 4
4232 4671 14
4232 5780 4
4962 4233 18
5135 4236 1
5315 4237 8
5038 4250 2
4250 5102 8
5803 4254 5
5501 4255 9
4257 4540 4
5185 4260 10
4260 5188 3
4263 4520 23
4263 4557 5
4276 4386 4
4277 5201 5
4579 4278 4
4281 5357 3
5007 4283 1
4288 5105 7
4433 4290 10
4294 4895 6
4882 4297 3
4387 4301 8
5858 4305 16
4307 5810 10
4310 4443 14
4314 4603 10
4315 4382 9
4551 4315 2
4921 4319 1
5616 4321 22
4323 5641 23
4324 4486 5
4333 5054 12
4626 4334 9
4341 5393 15
4347 5390 9
5706 4359 17
4516 4363 7
4364 4496 13
4365 5101 4
4371 4917 9
4958 4373 6
4378 5351 10
4379 5584 15
4380 4756 6
5725 4381 9
4385 5491 11
4386 5026 2
5918 4388 2
5370 4389 6
4818 4391 7
4806 4392 16
4393 5567 10
4400 5407 3
4400 5615 5
4405 5637 6
4409 4725 8
4412 4802 8
4414 5808 2
4415 5814 9
4418 5550 11
4536 4421 15
4660 4423 12
4425 4805 23
4428 4705 2
4433 5907 12
5329 4436 2
4918 4440 3
4598 4442 4
4710 4452 7
5879 4461 14
5211 4464 6
4647 4466 18
5036 4466 12
4467 5121 3
5349 4467 9
4470 5471 19
4471 5828 20
5700 4478 12
4620 4480 13
4485 4922 1
4487 5414 3
4499 5704 20
5258 4501 7
5363 4504 5
5549 4513 10
4769 4514 14
4754 4523 10
4524 5560 9
5290 4528 10
4535 5554 13
4540 5911 11
5401 4544 4
4666 4545 17
4545 4728 7
4548 5511 23
4549 5050 4
4582 4550 15
5461 4553 2
4556 5280 15
4563 5520 17
5360 4569 1
4584 4571 6
5739 4572 20
4862 4573 5
4590 5249 3
4590 5328 2
4605 5312 4
5031 4611 2
4613 5691 9
4621 4839 6
4621 5286 11
4738 4622 16
4668 4623 3
4627 4681 8
4893 4627 4
4900 4627 8
5097 4628 1
4629 5590 13
4629 5834 11
4641 4947 5
5184 4642 3
4643 4674 8
5909 4647 13
4813 4650 12
4664 5262 11
4666 4775 11
4768 4669 7
4676 4678 2
5129 4685 7
5718 4685 9
4761 4688 14
4689 4877 8
4689 5173 4
5591 4694 6
4699 5518 10
5046 4715 22
4931 4716 6
5265 4718 14
4732 5164 7
4737 5391 9
5606 4740 15
5796 4753 3
4754 5047 1
4756 5611 22
4758 5754 14
4762 5451 4
4986 4763 6
4770 5338 6
5127 4773 7
4780 4788 2
4780 5364 1
4794 4983 15
4794 5362 2
5136 4805 1
4807 4883 8
5914 4812 10
5160 4814 3
5607 4816 4
4829 5076 7
5480 4829 10
4832 4870 2
4837 5033 17
4840 5619 2
5756 4851 3
4852 5217 7
5762 4854 11
5192 4855 3
4857 5020 3
5596 4858 13
4862 5820 3
4863 5006 4
5045 4872 17
4913 4891 7
5270 4896 4
4897 5367 4
4905 5278 5
4917 5240 10
5289 4933 11
4942 5662 21
5310 4958 10
4972 5806 9
4975 5702 9
5305 4980 3
5748 4983 4
5252 4989 10
4992 5523 21
5325 5016 8
5293 5018 4
5906 5025 12
5033 5071 1
5580 5035 17
5339 5039 3
5148 5042 8
5178 5050 6
5058 5548 1
5060 5277 8
5061 5366 4
5588 5063 23
5069 5261 12
5083 5151 4
5807 5095 22
5106 5108 12
5475 5110 4
5112 5850 8
5115 5582 3
5117 5514 16
5577 5126 19
5730 5128 5
5132 5444 1
5405 5158 7
5172 5248 9
5174 5510 11
5185 5656 13
5200 5749 10
5553 5201 12
5226 5677 4
5750 5238 9
5267 5246 5
5268 5249 14
5256 5683 10
5261 5498 4
5382 5290 10
5290 5537 14
5309 5913 13
5310 5711 10
5331 5464 1
5845 5334 8
5337 5526 4
5558 5341 10
5800 5347 7
5350 5372 10
5779 5355 15
5357 5557 3
5363 5822 7
5366 5409 12
5543 5366 6
5372 5633 2
5872 5372 19
5405 5734 1
5408 5840 9
5681 5421 11
5440 5813 10
5462 5546 19
5468 5483 6
5671 5503 2
5521 5541 3
5525 5547 1
5846 5525 5
5531 5859 2
5543 5849 14
5554 5579 2
5593 5868 2
5624 5673 3
5802 5682 6
5707 5761 3
5710 5865 11
5714 5805 1
5832 5717 2
5721 5885 1
5855 5732 8
5736 5880 12
5910 5804 6
1 24 17
26 1 15
29 1 18
1 44 3
64 1 10
1 79 6
1 83 3
88 1 7
1 97 12
1 107 9
1 123 20
1 136 9
144 1 1
168 1 11
181 1 12
182 1 7
1 193 7
222 1 3
1 224 21
1 231 3
234 1 10
238 1 20
252 1 10
1 261 1
1 270 3
274 1 1
277 1 2
280 1 9
284 1 6
288 1 5
289 1 4
293 1 10
299 1 1
1 307 11
1 316 10
349 1 3
1 352 11
1 370 11
381 1 6
1 394 12
1 407 13
408 1 5
1 426 5
428 1 8
1 431 6
1 439 10
474 1 6
1 477 22
481 1 11
1 484 14
494 1 7
1 502 15
1 506 9
511 1 10
1 531 3
1 545 4
1 555 17
1 569 17
1 584 12
1 612 4
1 623 10
631 1 19
1 635 1
1 644 1
649 1 20
1 688 6
1 689 6
697 1 1
1 726 3
730 1 6
769 1 9
1 774 8
779 1 5
1 780 8
787 1 7
1 810 3
822 1 18
832 1 11
1 843 3
853 1 3
856 1 13
876 1 1
1 911 16
912 1 3
1 918 15
922 1 7
1 948 3
1 959 19
963 1 1
975 1 19
982 1 7
1 983 21
987 1 18
988 1 3
1 997 4
1 998 3
1000 1 12
1 1003 5
1007 1 13
1011 1 10
1012 1 1
1 1037 1
1 1043 6
1 1061 5
1068 1 23
1069 1 12
1106 1 17
1 1118 4
1 1140 12
1150 1 4
1 1170 10
1172 1 6
1 1178 19
1 1188 10
1217 1 17
1 1219 7
1 1225 1
1 1231 13
1 1234 9
1240 1 13
1 1242 6
1252 1 4
1 1274 12
1277 1 21
1 1281 2
1 1282 8
1 1297 8
1 1298 8
1 1309 3
1329 1 6
1 1340 9
1342 1 6
1 1350 12
1353 1 7
1378 1 3
1 1387 3
1391 1 16
1 1413 12
1416 1 3
1 1418 11
1434 1 20
1437 1 10
1 1444 12
1 1457 3
1458 1 4
1 1474 5
1484 1 1
1497 1 5
1 1505 14
1507 1 11
1 1514 10
1 1533 17
1553 1 1
1554 1 9
1562 1 9
1 1563 21
1 1564 10
1571 1 3
1573 1 3
1578 1 12
1583 1 6
1586 1 5
1598 1 13
1603 1 1
1606 1 13
1 1615 6
1 1629 1
1630 1 11
1 1646 4
1648 1 2
1654 1 4
1 1666 1
1669 1 2
1 1674 19
1679 1 6
1687 1 15
1721 1 2
1723 1 4
1724 1 12
1725 1 11
1 1735 6
1 1737 12
1 1745 3
1752 1 14
1 1755 1
1756 1 18
1758 1 9
1759 1 12
1 1760 4
1772 1 7
1773 1 7
1 1779 5
1789 1 19
1 1794 5
1800 1 5
1808 1 23
1 1820 19
1 1848 14
1 1856 13
1865 1 8
1 1877 8
1883 1 10
1906 1 2
1 1913 6
1926 1 6
1 1927 1
1 1951 15
1 1971 12
1976 1 6
1988 1 14
1 2027 5
2030 1 10
2032 1 4
2042 1 10
2046 1 4
2047 1 1
1 2048 16
2050 1 4
1 2063 11
1 2070 8
1 2077 1
2080 1 2
1 2104 7
1 2139 11
1 2145 2
1 2147 6
1 2149 1
2151 1 8
2168 1 7
2170 1 22
2180 1 8
2182 1 9
1 2197 4
1 2202 11
2206 1 7
1 2211 17
2214 1 4
1 2217 5
1 2231 4
1 2235 12
2248 1 19
2251 1 5
2254 1 7
2275 1 11
2286 1 7
1 2316 18
2320 1 3
2325 1 9
2329 1 20
1 2333 16
1 2337 23
1 2347 20
2351 1 17
2378 1 22
1 2379 12
1 2427 23
1 2432 6
2438 1 19
2439 1 10
2452 1 7
1 2456 2
1 2457 19
1 2484 5
2490 1 13
2492 1 11
2495 1 21
2506 1 3
2508 1 6
1 2510 16
2538 1 4
2574 1 17
1 2581 17
1 2583 10
1 2619 21
2637 1 8
1 2651 4
1 2653 9
2654 1 13
1 2659 3
