400
750
256
28
391
321
2
310
325
378
233
109
191
362
97
116
123
227
80
268
40
240
382
195
354
104
7
60
262
377
125
320
204
347
130
214
389
241
159
104
183
132
292
93
48
13
5
220
229
5
291
79
82
177
218
149
37
329
146
81
292
232
365
47
20
64
383
168
206
137
222
348
82
268
349
127
72
70
201
277
230
326
143
349
74
122
195
104
199
101
184
35
176
310
55
308
114
12
393
331
193
119
89
78
162
236
208
386
78
362
386
333
105
235
218
335
45
176
165
65
208
210
229
11
110
332
348
14
392
77
143
174
258
77
164
65
18
367
80
272
39
301
165
363
291
260
104
324
383
220
84
165
88
330
395
129
43
398
303
9
20
27
226
200
267
85
155
9
305
277
182
22
84
78
249
277
78
10
394
34
229
316
15
272
121
215
1
141
83
193
84
265
216
312
236
344
38
394
281
141
330
58
338
303
96
268
56
315
15
175
289
215
283
310
128
383
43
99
376
228
91
179
161
289
258
62
378
370
150
240
63
25
59
288
377
212
118
225
111
247
306
126
393
248
399
225
299
226
247
301
51
205
87
3
114
317
276
289
261
276
336
238
331
154
114
22
134
80
346
85
44
175
12
315
320
146
389
268
110
61
184
16
365
317
247
92
224
116
60
286
100
289
284
386
19
356
171
1
254
268
333
366
192
132
248
277
289
151
20
27
48
280
358
125
264
39
102
53
282
186
255
29
317
68
41
61
169
185
166
243
183
366
190
367
397
84
190
226
324
339
215
71
309
205
333
388
299
81
140
275
383
156
362
171
340
304
8
23
328
131
287
49
176
398
182
166
8
326
264
258
257
216
256
349
393
89
326
246
228
380
205
329
131
389
338
50
205
318
144
14
151
12
183
2
94
19
332
226
282
285
158
352
125
318
179
194
307
318
11
22
214
107
297
167
234
376
197
85
150
63
363
354
197
180
154
365
204
114
17
188
380
120
12
365
172
215
375
318
164
207
121
120
29
62
172
121
106
343
9
174
223
124
136
347
333
315
361
282
381
400
374
76
169
319
25
38
48
106
393
14
184
4
41
226
249
279
145
107
268
43
299
99
277
116
89
278
131
232
18
180
102
226
292
295
224
105
51
192
8
22
140
358
292
88
216
105
256
21
283
18
349
365
51
320
372
284
7
212
70
273
197
166
55
171
19
31
225
229
400
329
116
226
275
207
121
169
144
7
240
184
13
133
280
124
303
382
373
308
27
397
336
115
226
28
131
46
359
51
160
174
240
234
240
10
217
198
209
87
381
259
396
93
115
309
303
71
149
108
351
97
246
61
19
365
88
35
229
92
271
304
320
155
393
371
55
100
138
350
400
216
140
72
124
307
328
384
163
85
341
5
186
190
316
213
318
161
24
140
253
182
71
320
105
318
139
286
242
252
171
62
245
258
89
338
34
213
145
181
312
379
86
58
360
160
244
44
136
371
129
373
114
222
231
10
21
340
12
207
89
52
399
117
201
49
352
30
339
33
18
300
310
294
248
137
366
209
396
126
83
397
358
49
130
147
180
66
78
229
205
243
290
121
67
277
31
355
111
201
59
17
152
124
20
305
147
390
299
371
292
13
75
170
118
162
224
323
302
362
196
325
166
383
143
106
372
86
4
73
2
387
221
48
110
217
14
16
359
48
62
112
208
238
136
153
275
187
325
350
339
352
198
99
