10
500
7
1
4
1
1
2
2
7
2
8
2
10
2
6
1
4
4
6
10
2
3
6
3
5
3
8
1
10
3
7
6
6
5
1
9
3
10
5
10
1
3
5
10
7
2
6
2
10
8
4
2
2
5
5
9
9
3
4
6
4
4
2
8
10
7
2
10
6
10
2
10
5
1
7
7
10
8
8
1
5
8
5
3
9
8
7
1
5
8
1
9
10
9
6
7
5
9
3
4
6
9
9
6
7
5
8
9
3
7
2
3
4
9
4
2
5
1
9
1
4
10
3
7
5
3
9
2
6
8
6
10
4
3
7
1
5
8
5
8
2
8
4
9
9
8
6
10
6
3
5
8
9
1
8
3
5
6
6
8
7
4
5
3
7
7
9
7
10
4
4
2
9
6
9
10
7
1
4
7
1
1
7
10
3
10
10
5
6
3
10
1
4
9
10
5
4
5
1
2
4
10
2
5
5
10
8
4
3
10
4
5
5
2
4
5
2
1
8
7
2
1
1
2
4
6
4
5
7
3
10
6
1
4
4
6
4
3
2
9
7
7
10
8
4
4
3
5
2
5
7
10
5
6
10
3
7
2
9
4
4
3
9
3
6
9
10
10
3
5
6
8
6
5
8
9
1
1
10
5
1
3
5
8
8
4
10
3
1
4
8
2
5
10
9
10
5
4
3
9
2
7
8
7
5
1
2
2
1
10
6
5
9
1
9
3
1
9
7
10
2
1
3
2
6
7
10
8
5
6
4
9
9
7
8
6
2
4
7
2
2
7
3
5
6
1
6
2
4
7
10
10
8
5
8
8
5
6
7
8
6
1
6
2
1
7
8
6
5
3
10
5
10
5
7
3
6
4
2
8
6
9
1
7
8
2
5
3
4
9
5
1
8
8
1
8
2
3
4
4
5
2
5
9
9
10
4
4
1
8
7
1
3
3
5
2
4
5
8
1
1
8
5
3
4
8
3
9
7
6
4
9
3
4
9
10
2
5
8
3
8
5
6
4
2
8
7
8
7
4
10
8
7
4
7
10
5
3
2
7
10
1
9
2
3
6
7
6
3
4
8
2
1
9
9
7
9
10
8
2
3
7
3
10
4
8
9
8
8
8
4
7
2
9
2
1
8
6
5
7
2
