1000
600
404
62
804
234
646
408
93
897
83
448
724
938
395
974
345
803
610
891
63
720
38
333
225
511
6
774
134
133
250
416
201
368
68
420
262
348
612
756
45
817
897
739
17
318
423
535
103
719
490
185
6
751
575
954
115
482
395
31
233
898
484
907
609
7
429
948
17
152
92
976
849
439
455
905
477
462
925
726
350
741
224
379
574
553
216
328
952
69
281
871
720
970
95
483
462
972
931
748
947
921
832
663
855
391
268
381
643
944
147
663
33
484
266
611
841
377
588
466
155
251
935
516
79
651
963
423
529
980
536
498
824
382
840
741
53
504
864
677
447
292
103
288
240
268
584
600
773
927
583
704
788
209
640
266
188
194
734
833
717
451
720
457
307
715
392
462
76
810
785
382
208
988
573
372
203
113
663
643
226
358
358
708
550
329
698
500
312
806
821
648
77
509
475
458
949
553
28
404
196
547
591
164
640
465
102
515
289
746
502
613
948
280
339
471
787
198
425
673
108
650
400
632
799
979
308
917
192
982
556
475
325
154
854
768
844
109
999
144
11
594
616
964
576
757
213
315
479
610
153
321
625
837
415
375
214
393
243
823
368
542
47
910
18
274
165
19
314
262
341
512
19
788
38
725
639
305
937
889
252
557
230
55
300
435
576
296
794
983
819
748
702
226
840
275
469
754
129
816
933
217
969
705
105
163
314
506
554
892
730
173
370
237
18
568
962
464
355
644
151
684
91
838
307
478
537
460
511
642
367
142
975
219
491
634
202
256
505
494
631
940
79
471
738
52
896
627
832
897
994
494
37
135
628
821
189
198
7
686
622
191
516
52
106
470
280
37
383
308
191
453
72
326
736
418
902
606
260
79
519
659
499
750
347
680
517
999
242
738
386
500
917
856
227
685
380
120
474
484
861
262
464
727
965
377
718
976
48
704
518
851
24
631
640
143
113
362
359
255
252
903
74
781
153
297
170
253
245
277
978
369
990
766
935
236
293
876
309
435
4
358
97
945
739
644
955
233
512
931
271
49
897
950
735
730
726
373
26
49
537
1000
461
917
267
169
727
481
928
57
56
415
236
780
437
442
446
484
746
408
857
838
885
420
743
592
303
883
676
151
496
444
483
299
358
180
326
525
482
539
631
607
774
861
854
387
996
503
317
891
81
885
605
237
350
985
249
993
973
98
680
899
294
886
701
141
871
38
944
589
355
66
57
669
544
49
606
799
246
365
916
554
795
707
353
987
331
938
762
770
210
565
58
86
150
902
201
444
967
199
38
821
18
294
749
835
711
581
881
837
676
343
197
120
487
748
838
648
5
51
523
993
740
801
770
389
810
97
381
79
377
201
664
384
660
37
142
153
885
388
710
529
