550
700
199
203
501
363
123
307
95
514
259
220
309
282
122
480
364
291
518
37
287
494
209
169
232
71
165
139
332
477
480
162
229
320
460
428
348
50
429
476
506
456
87
31
374
13
497
387
428
128
417
22
469
480
349
281
127
385
377
275
359
213
488
375
169
348
142
335
496
255
57
162
423
372
461
461
119
302
171
229
348
160
373
88
32
477
133
396
131
75
451
319
188
256
290
222
491
143
39
529
328
28
514
242
38
56
14
98
390
364
378
69
95
177
85
314
118
74
457
518
474
230
534
394
84
221
371
407
517
99
130
283
267
320
156
125
447
517
134
324
49
490
26
425
268
353
87
543
157
208
160
282
90
399
234
113
529
248
536
438
199
447
127
290
128
128
235
499
347
121
21
363
372
395
94
70
444
151
95
389
70
414
431
56
465
245
265
236
20
451
462
280
112
155
26
457
213
351
498
32
437
100
532
32
101
316
332
436
276
520
108
333
269
478
402
384
139
90
251
464
19
368
247
351
362
229
105
463
217
487
289
323
121
145
332
290
393
468
361
106
44
44
411
74
3
434
453
345
200
371
375
539
1
62
409
428
31
408
377
303
322
283
198
403
251
60
295
491
418
486
221
320
108
446
470
178
113
16
7
294
444
535
279
251
208
119
238
190
478
271
40
291
100
284
409
31
386
309
206
31
113
533
376
26
352
535
36
430
280
308
288
221
465
139
161
527
545
1
545
325
389
333
223
507
166
185
155
248
435
371
404
548
178
194
61
273
189
57
244
384
124
441
462
294
211
504
231
142
34
242
363
323
180
396
139
251
520
481
464
74
108
384
141
425
429
129
30
369
210
243
310
459
305
347
392
311
532
313
155
110
110
252
244
131
340
97
386
241
7
266
311
362
20
49
325
286
347
421
359
77
532
514
288
295
323
207
89
252
431
10
158
392
224
515
63
153
339
11
195
411
158
532
464
494
36
277
224
249
177
30
446
163
250
124
511
398
167
450
258
275
362
149
475
438
40
388
115
145
274
1
180
464
245
320
191
31
377
443
213
475
380
86
109
201
186
366
499
493
317
106
101
173
33
298
249
294
540
303
16
322
317
314
138
422
31
24
4
367
511
32
126
69
530
48
137
220
140
169
54
72
93
102
65
465
54
137
280
47
167
117
354
253
169
485
153
74
316
281
11
326
263
291
358
375
417
445
92
154
539
500
361
47
404
517
195
201
286
6
279
378
332
210
488
511
158
437
38
77
194
334
466
10
358
381
209
35
46
134
504
392
237
510
140
546
448
28
131
265
394
357
515
360
460
387
197
476
140
477
442
306
344
219
121
255
224
120
90
480
186
143
127
130
366
290
45
364
465
309
209
68
393
105
163
211
189
427
232
535
47
202
98
404
290
227
72
425
192
543
419
438
173
375
335
118
484
315
461
268
84
537
361
302
104
475
61
190
475
82
115
427
440
142
222
332
41
342
462
65
393
43
525
325
106
159
171
461
229
349
410
239
523
136
115
191
247
55
501
50
287
181
339
349
306
117
113
369
100
253
479
2
213
427
293
54
298
446
204
73
413
540
295
27
191
429
246
238
245
294
138
135
459
425
