50
800
4
20
21
13
35
31
4
39
25
26
4
35
10
46
4
22
39
36
9
12
29
2
36
45
46
18
50
20
27
44
22
26
37
37
44
18
33
48
2
35
16
41
19
4
11
24
42
18
33
1
6
13
6
33
30
44
16
31
5
8
39
18
42
7
5
14
31
8
7
9
42
17
44
49
42
11
36
34
4
19
20
10
34
4
38
2
22
23
10
23
29
12
20
47
35
6
30
4
28
47
44
43
42
14
35
23
50
36
47
31
38
6
22
22
48
45
7
9
32
32
43
5
47
46
13
44
38
6
10
41
22
20
44
47
2
20
14
38
40
3
45
12
49
45
38
22
44
22
7
20
14
30
28
42
2
23
2
14
48
30
20
39
46
37
22
33
3
35
10
23
28
38
19
16
47
38
42
24
17
44
45
21
2
36
31
4
9
4
6
5
16
33
7
39
28
29
4
30
9
22
1
12
50
12
45
24
1
19
34
22
3
40
44
9
14
30
17
13
48
46
35
4
2
6
49
12
40
50
30
34
16
2
14
42
10
44
40
5
37
12
39
40
34
14
38
1
48
50
4
45
24
5
36
41
23
27
46
8
49
28
5
6
50
8
29
5
34
1
7
23
38
22
11
28
37
41
24
30
37
47
8
32
8
35
44
38
2
6
25
4
16
12
44
24
23
32
28
45
15
49
38
33
42
40
24
17
33
20
14
44
43
31
47
7
41
37
33
5
19
41
38
8
46
25
29
33
25
27
40
11
17
49
14
29
47
45
34
16
37
23
31
9
11
22
41
10
35
8
15
47
14
14
15
8
40
11
3
45
30
4
47
7
23
12
4
50
6
48
18
14
9
42
14
6
19
50
9
33
19
46
40
10
29
41
10
16
43
38
22
35
45
37
33
38
37
44
14
22
30
45
32
28
4
45
13
34
27
5
22
22
44
45
47
30
17
25
2
29
43
46
6
49
7
9
30
17
30
2
39
16
36
20
5
3
20
20
43
7
24
37
1
26
30
46
13
34
37
4
47
19
25
48
39
47
36
13
22
6
45
38
13
44
50
41
45
16
2
29
30
6
36
9
18
1
15
38
2
43
5
49
28
38
18
30
18
4
33
2
46
26
42
3
8
7
3
8
33
18
37
6
16
28
17
39
46
4
9
8
19
17
42
19
1
16
43
1
1
15
33
40
36
48
3
45
33
50
34
12
26
45
8
9
5
38
5
10
8
47
39
41
5
8
29
6
50
13
19
39
13
38
2
49
29
49
28
11
38
8
39
23
10
6
43
18
13
14
18
11
30
46
3
19
39
10
4
40
34
19
7
1
39
50
38
14
12
9
37
42
9
8
20
1
42
43
13
34
22
5
10
46
36
21
18
23
41
8
9
31
37
50
14
10
30
43
20
29
23
12
20
32
20
18
38
39
8
26
34
32
25
22
13
25
1
44
22
29
16
28
45
30
20
4
40
17
49
25
11
47
1
46
35
18
35
48
9
15
19
2
17
11
29
45
42
19
4
44
20
12
10
39
21
20
20
4
32
43
21
21
5
33
37
3
11
38
5
49
8
43
12
49
17
40
5
20
46
11
21
3
38
47
6
49
2
19
48
7
30
32
36
23
28
11
19
29
46
25
20
14
15
22
48
23
34
14
37
9
4
42
31
4
21
2
24
9
10
31
42
44
18
1
47
39
38
16
40
24
8
11
9
26
19
35
18
9
14
46
21
41
27
15
13
38
35
47
25
12
23
45
17
28
25
40
20
43
25
42
42
41
34
26
36
10
15
2
34
21
43
26
17
10
10
41
46
48
14
47
7
40
28
36
