1000
1000
281
528
523
784
157
791
151
889
559
410
421
877
357
111
670
630
764
738
691
815
279
364
520
690
416
398
147
649
97
982
669
913
811
212
613
51
894
996
390
244
551
589
158
474
469
91
528
44
134
484
890
125
212
967
323
222
607
669
314
756
41
18
802
175
287
316
248
260
396
324
731
552
537
894
311
84
304
953
124
814
608
379
964
457
500
574
321
619
546
773
119
420
611
389
630
13
155
942
309
683
407
369
524
440
28
758
420
284
110
809
406
556
640
562
987
60
768
194
937
861
502
932
47
942
688
373
921
144
375
769
566
49
937
55
759
738
552
693
417
599
901
605
464
588
199
753
925
639
909
164
231
130
760
446
974
577
918
78
584
988
424
53
680
536
260
632
69
480
651
287
622
511
455
109
526
931
768
246
634
349
81
151
906
810
621
693
166
532
713
438
668
669
294
631
203
778
918
682
726
902
884
207
747
455
317
922
962
312
347
918
862
801
708
146
304
490
401
130
281
967
251
217
365
13
492
916
577
862
718
110
643
445
825
200
895
816
798
470
283
158
452
220
246
57
479
473
409
962
432
291
366
996
476
5
5
550
43
898
134
326
730
153
373
751
63
89
558
936
974
9
141
600
114
182
314
634
349
780
844
220
61
789
859
686
95
221
60
512
484
149
99
164
294
375
110
666
205
776
620
107
687
621
327
473
880
414
485
500
539
45
874
461
652
315
590
57
584
114
141
837
871
816
585
820
13
668
690
240
871
240
356
577
543
220
773
314
811
103
68
78
535
576
404
87
583
638
778
81
182
759
2
161
774
624
597
195
755
251
588
724
697
539
430
544
916
543
553
364
487
13
265
243
88
5
980
700
249
604
33
685
895
60
536
829
278
878
31
639
655
673
920
575
337
810
898
161
944
160
881
566
1
488
164
324
217
296
789
109
60
139
357
749
495
747
777
884
984
461
673
958
114
810
443
451
457
267
206
535
531
465
110
568
962
449
748
102
204
738
656
323
441
247
140
104
519
382
900
76
11
831
198
410
797
868
554
213
741
202
191
724
348
683
737
719
494
395
888
812
597
950
51
556
834
8
165
536
269
352
220
856
991
29
175
706
636
377
290
927
889
985
81
740
830
866
395
73
239
404
348
142
212
878
81
224
696
582
605
784
813
874
193
378
72
670
62
11
828
200
332
860
614
66
492
549
177
894
863
385
353
132
779
232
128
798
494
946
499
208
22
539
986
992
415
501
917
948
206
942
836
524
997
483
648
971
435
68
356
475
56
115
506
812
727
678
691
313
682
545
732
199
372
447
387
577
625
786
707
638
847
570
388
868
246
471
736
305
308
170
101
146
32
426
888
256
626
526
512
353
673
47
897
952
997
105
380
332
699
495
137
90
115
419
479
75
679
701
640
750
902
679
907
273
990
183
200
854
800
276
468
177
139
681
516
937
635
65
98
784
655
598
417
233
31
465
367
320
537
253
138
68
396
372
40
46
267
954
661
574
465
882
701
374
391
879
121
705
410
831
435
290
654
763
274
574
504
139
578
103
702
411
21
99
362
981
529
488
344
13
6
963
728
751
620
857
381
275
266
884
839
859
54
36
995
364
950
198
337
324
903
254
696
661
99
759
762
189
167
447
840
333
484
145
586
743
897
871
702
709
514
180
829
562
383
34
118
478
203
769
223
356
399
931
683
694
195
44
948
633
516
600
516
592
861
822
926
169
473
988
587
221
449
378
678
302
615
126
604
885
306
529
743
25
388
619
465
403
149
28
663
904
902
453
273
173
418
275
526
797
553
107
909
56
668
341
74
396
709
980
174
67
47
297
371
573
457
132
487
883
818
862
41
545
416
340
153
159
951
364
55
846
606
456
184
661
785
10
96
114
389
94
691
210
732
471
473
696
460
613
835
433
70
776
606
53
915
420
339
338
774
524
73
986
370
592
566
689
427
403
214
680
145
795
157
203
181
27
301
543
516
530
232
557
794
78
273
876
23
685
153
200
715
771
30
345
845
397
852
991
239
618
288
268
233
235
717
639
730
519
2
715
9
683
46
958
892
155
348
418
128
952
60
939
116
697
266
501
300
85
477
626
882
829
569
10
675
396
654
812
229
79
613
268
590
198
284
547
280
470
527
35
385
866
664
452
836
475
13
484
268
197
519
853
31
290
698
986
257
88
392
721
47
418
58
709
175
529
591
435
894
566
896
36
712
902
709
339
252
853
393
781
546
599
696
135
377
332
708
232
532
950
497
68
65
824
156
1
945
459
257
935
